0.0
0.0
0.0
0.004
0.0
0.0
0.0
0.0
0.001
0.001
0.006
0.0
0.001
0.0
0.0
0.0
0.0
0.0
0.0
0.0
0.0
0.0
0.0
0.001
0.0
0.0
0.0
0.0
0.0
0.0
0.0
0.0
0.0
0.0
0.0
0.0
0.0
0.0
0.0
0.0
0.0
0.0
0.0
0.001
0.001
0.002
0.001
0.0
0.0
0.0
0.0
0.0
0.0
0.0
0.001
0.0
0.0
0.0
0.0
0.0
0.0
0.0
0.0
0.0
0.001
0.001
0.0
0.001
0.001
0.003
0.0
0.0
0.0
0.001
0.001
0.003
0.0
0.008
0.0
0.0
0.0
0.0
0.001
0.0
0.0
0.0
0.0
0.0
0.0
0.0
0.0
0.0
0.001
0.0
0.0
0.0
0.0
0.0
0.003
0.001
0.002
0.001
0.0
0.0
0.001
0.002
0.006
0.043
0.002
0.0
0.0
0.0
0.0
0.0
0.0
0.0
0.0
0.0
0.0
0.0
0.0
0.0
0.0
0.0
0.001
0.001
0.0
0.0
0.0
0.0
0.0
0.0
0.0
0.001
0.0
0.0
0.0
0.003
0.001
0.003
0.0
0.003
0.0
0.0
0.0
0.0
0.0
0.0
0.001
0.0
0.0
0.0
0.0
0.0
0.0
0.0
0.0
0.0
0.0
0.0
0.0
0.0
0.0
0.0
0.002
0.001
0.0
0.0
0.0
0.0
0.0
0.0
0.001
0.0
0.0
0.0
0.002
0.0
0.0
0.0
0.0
0.0
0.001
0.001
0.0
0.0
0.0
0.0
0.0
0.0
0.0
0.0
0.0
0.0
0.0
0.0
0.001
0.0
0.0
0.001
0.004
0.0
0.0
0.0
0.0
0.0
0.0
0.002
0.013
0.001
0.0
0.0
0.0
0.0
0.0
0.001
0.0
0.0
0.0
0.001
0.0
0.0
0.0
0.0
0.0
0.0
0.0
0.0
0.0
0.0
0.002
0.004
0.016
0.002
0.0
0.0
0.0
0.0
0.0
0.002
0.004
0.004
0.001
0.0
0.0
0.0
0.0
0.0
0.0
0.0
0.001
0.002
0.003
0.0
0.0
0.0
0.0
0.0
0.0
0.0
0.001
0.001
0.002
0.011
0.095
0.009
0.0
0.0
0.0
0.0
0.0
0.0
0.0
0.002
0.0
0.0
0.0
0.0
0.0
0.0
0.0
0.0
0.002
0.005
0.022
0.001
0.0
0.0
0.0
0.0
0.0
0.0
0.0
0.001
0.003
0.004
0.013
0.002
0.0
0.0
0.0
0.0
0.001
0.0
0.0
0.001
0.001
0.0
0.0
0.0
0.0
0.0
0.0
0.0
0.0
0.001
0.004
0.001
0.0
0.0
0.0
0.0
0.0
0.0
0.0
0.0
0.004
0.001
0.002
0.002
0.0
0.0
0.0
0.0
0.0
0.0
0.0
0.001
0.0
0.0
0.0
0.0
0.0
0.0
0.0
0.0
0.0
0.0
0.001
0.0
0.0
0.002
0.001
0.0
0.0
0.0
0.0
0.0
0.0
0.0
0.001
0.001
0.0
0.0
0.002
0.0
0.0
0.002
0.001
0.001
0.001
0.0
0.0
0.0
0.0
0.0
0.0
0.0
0.0
0.0
0.0
0.0
0.001
0.008
0.001
0.0
0.0
0.0
0.0
0.0
0.0
0.0
0.0
0.0
0.0
0.0
0.0
0.0
0.003
0.013
0.004
0.0
0.0
0.001
0.004
0.0
0.001
0.0
0.0
0.0
0.0
0.0
0.0
0.0
0.001
0.004
0.001
0.0
0.0
0.0
0.0
0.0
0.0
0.0
0.0
0.0
0.0
0.0
0.0
0.007
0.036
0.121
0.033
0.008
0.001
0.001
0.003
0.002
0.006
0.001
0.0
0.0
0.0
0.0
0.0
0.0
0.0
0.0
0.012
0.001
0.0
0.0
0.0
0.0
0.0
0.0
0.0
0.0
0.0
0.0
0.006
0.031
0.201
1.0
0.204
0.036
0.007
0.003
0.0
0.012
0.101
0.011
0.0
0.0
0.0
0.0
0.0
0.0
0.0
0.0
0.0
0.0
0.0
0.0
0.0
0.0
0.0
0.0
0.0
0.0
0.0
0.001
0.011
0.101
1.0
0.353
1.0
0.108
0.019
0.002
0.0
0.001
0.014
0.0
0.0
0.0
0.0
0.0
0.0
0.0
0.0
0.0
0.0
0.0
0.0
0.0
0.0
0.001
0.001
0.0
0.0
0.0
0.0
0.0
0.005
0.018
0.205
1.0
0.222
0.03
0.003
0.0
0.0
0.0
0.0
0.0
0.0
0.0
0.0
0.0
0.0
0.0
0.0
0.0
0.0
0.0
0.0
0.002
0.0
0.002
0.002
0.0
0.0
0.0
0.0
0.0
0.004
0.006
0.028
0.102
0.034
0.001
0.002
0.0
0.0
0.0
0.0
0.001
0.0
0.0
0.0
0.0
0.0
0.0
0.0
0.0
0.0
0.0
0.0
0.002
0.0
0.001
0.0
0.0
0.0
0.0
0.0
0.0
0.0
0.001
0.003
0.008
0.003
0.0
0.0
0.0
0.0
0.0
0.0
0.0
0.001
0.0
0.0
0.0
0.0
0.0
0.0
0.0
0.0
0.0
0.0
0.0
0.0
0.002
0.0
0.0
0.001
0.001
0.002
0.0
0.0
0.0
0.001
0.0
0.0
0.0
0.0
0.0
0.0
0.0
0.0
0.0
0.0
0.0
0.0
0.0
0.0
0.0
0.0
0.0
0.0
0.0
0.0
0.0
0.0
0.001
0.001
0.0
0.0
0.0
0.0
0.0
0.0
0.0
0.0
0.0
0.0
0.001
0.0
0.0
0.0
0.0
0.0
0.0
0.0
0.0
0.002
0.0
0.0
0.0
0.0
0.0
0.0
0.0
0.0
0.0
0.0
0.0
0.0
0.0
0.001
0.001
0.0
0.0
0.0
0.0
0.0
0.0
0.0
0.002
0.0
0.0
0.0
0.0
0.0
0.0
0.0
0.0
0.001
0.0
0.0
0.0
0.0
0.0
0.0
0.0
0.0
0.001
0.0
0.0
0.0
0.0
0.0
0.002
0.0
0.0
0.0
0.0
0.0
0.0
0.002
0.019
0.0
0.0
0.0
0.0
0.001
0.01
0.004
0.001
0.0
0.0
0.0
0.0
0.0
0.0
0.0
0.0
0.001
0.001
0.0
0.0
0.0
0.0
0.001
0.0
0.0
0.0
0.0
0.0
0.0
0.002
0.011
0.007
0.002
0.001
0.001
0.004
0.008
0.084
0.025
0.004
0.001
0.001
0.0
0.0
0.0
0.0
0.002
0.0
0.0
0.0
0.0
0.0
0.0
0.0
0.009
0.001
0.0
0.0
0.0
0.0
0.001
0.001
0.002
0.001
0.001
0.001
0.001
0.002
0.004
0.012
0.004
0.001
0.001
0.002
0.001
0.001
0.001
0.002
0.002
0.001
0.0
0.0
0.0
0.0
0.0
0.0
0.003
0.0
0.0
0.0
0.0
0.0
0.0
0.0
0.0
0.001
0.003
0.0
0.001
0.009
0.004
0.003
0.002
0.016
0.001
0.023
0.003
0.004
0.001
0.002
0.002
0.002
0.001
0.0
0.0
0.0
0.0
0.0
0.0
0.0
0.0
0.0
0.0
0.0
0.0
0.0
0.001
0.001
0.003
0.0
0.008
0.097
0.011
0.002
0.0
0.002
0.0
0.003
0.0
0.001
0.008
0.0
0.0
0.0
0.0
0.0
0.0
0.0
0.0
0.0
0.0
0.0
0.0
0.0
0.0
0.0
0.0
0.0
0.0
0.0
0.001
0.001
0.003
0.013
0.004
0.002
0.0
0.0
0.0
0.001
0.0
0.0
0.003
0.0
0.0
0.0
0.0
0.001
0.0
0.0
0.0
0.0
0.0
0.0
0.0
0.0
0.0
0.0
0.0
0.0
0.0
0.001
0.001
0.0
0.0
0.0
0.002
0.001
0.0
0.0
0.0
0.0
0.0
0.0
0.0
0.0
0.0
0.0
0.0
0.0
0.0
0.0
0.0
0.0
0.0
0.0
0.0
0.0
0.0
0.0
0.0
0.0
0.0
0.0
0.0
0.0
0.0
0.0
0.002
0.0
0.0
0.0
0.0
0.0
0.001
0.0
0.0
0.0
0.0
0.0
0.0
0.0
0.0
0.001
0.0
0.0
0.0
0.0
0.0
0.0
0.0
0.001
0.0
0.0
0.0
0.0
0.0
0.0
0.0
0.0
0.001
0.0
0.0
0.0
0.0
0.0
0.0
0.0
0.0
0.0
0.0
0.0
0.0
0.0
0.0
0.0
0.0
0.0
0.0
0.0
0.0
0.0
0.0
0.0
0.0
0.0
0.0
0.0
0.0
0.001
0.001
0.0
0.0
0.0
0.0
0.0
0.0
0.0
0.0
0.0
0.0
0.0
0.356
0.214
0.252
0.379
0.272
0.348
0.329
0.384
0.272
0.388
0.362
0.236
0.15
0.131
0.162
0.267
0.232
0.206
0.275
0.202
0.184
0.261
0.29
0.432
0.308
0.224
0.178
0.207
0.287
0.428
0.235
0.222
0.249
0.268
0.345
0.365
0.367
0.356
0.296
0.435
0.349
0.331
0.299
0.265
0.29
0.272
0.265
0.375
0.336
0.409
0.44
0.294
0.269
0.39
0.455
0.334
0.426
0.246
0.248
0.402
0.364
0.381
0.408
0.223
0.447
0.447
0.473
0.415
0.339
0.39
0.312
0.33
0.384
0.352
0.378
0.347
0.358
0.424
0.371
0.286
0.261
0.289
0.412
0.437
0.352
0.321
0.452
0.286
0.243
0.255
0.331
0.338
0.376
0.424
0.404
0.314
0.279
0.309
0.438
0.409
0.376
0.38
0.363
0.357
0.473
0.519
0.426
0.445
0.328
0.352
0.338
0.341
0.287
0.277
0.414
0.394
0.322
0.319
0.364
0.3
0.25
0.31
0.336
0.293
0.415
0.409
0.443
0.311
0.219
0.242
0.255
0.316
0.342
0.407
0.34
0.324
0.388
0.526
0.422
0.388
0.364
0.473
0.516
0.527
0.428
0.283
0.296
0.387
0.484
0.418
0.494
0.436
0.328
0.27
0.322
0.285
0.299
0.381
0.318
0.38
0.377
0.357
0.254
0.245
0.322
0.272
0.278
0.313
0.385
0.351
0.339
0.422
0.461
0.445
0.445
0.512
0.379
0.346
0.297
0.317
0.321
0.372
0.441
0.388
0.407
0.267
0.251
0.248
0.368
0.335
0.231
0.209
0.386
0.28
0.279
0.222
0.245
0.252
0.345
0.434
0.43
0.395
0.434
0.444
0.481
0.391
0.417
0.456
0.511
0.414
0.378
0.444
0.317
0.352
0.412
0.359
0.447
0.267
0.247
0.25
0.318
0.45
0.241
0.22
0.245
0.31
0.289
0.232
0.304
0.306
0.388
0.48
0.513
0.479
0.336
0.317
0.427
0.397
0.516
0.594
0.547
0.487
0.402
0.452
0.287
0.248
0.289
0.332
0.301
0.296
0.412
0.35
0.381
0.293
0.225
0.237
0.232
0.284
0.292
0.236
0.263
0.273
0.314
0.432
0.587
0.372
0.349
0.346
0.317
0.353
0.558
0.482
0.496
0.376
0.386
0.445
0.329
0.239
0.224
0.315
0.296
0.4
0.36
0.364
0.411
0.329
0.332
0.307
0.305
0.308
0.274
0.29
0.374
0.401
0.367
0.409
0.409
0.398
0.353
0.326
0.335
0.316
0.463
0.434
0.428
0.377
0.395
0.363
0.358
0.337
0.284
0.355
0.44
0.374
0.292
0.294
0.371
0.273
0.294
0.264
0.294
0.573
0.359
0.322
0.353
0.458
0.481
0.414
0.316
0.367
0.371
0.358
0.31
0.309
0.539
0.465
0.341
0.331
0.418
0.359
0.349
0.397
0.333
0.516
0.406
0.363
0.347
0.33
0.309
0.266
0.286
0.328
0.202
0.442
0.402
0.319
0.494
0.339
0.365
0.432
0.275
0.296
0.426
0.409
0.422
0.331
0.411
0.406
0.325
0.41
0.392
0.513
0.383
0.405
0.433
0.513
0.426
0.363
0.316
0.376
0.4
0.334
0.429
0.451
0.203
0.367
0.407
0.338
0.39
0.258
0.256
0.363
0.271
0.263
0.322
0.373
0.352
0.425
0.391
0.447
0.38
0.478
0.513
0.403
0.556
0.403
0.474
0.404
0.351
0.31
0.347
0.418
0.549
0.432
0.4
0.359
0.238
0.253
0.344
0.397
0.32
0.24
0.238
0.277
0.358
0.354
0.341
0.406
0.355
0.438
0.565
0.586
0.536
0.416
0.339
0.323
0.462
0.464
0.369
0.334
0.294
0.326
0.283
0.27
0.3
0.291
0.264
0.304
0.259
0.205
0.249
0.389
0.38
0.276
0.304
0.318
0.391
0.326
0.3
0.33
0.441
0.558
0.764
1.0
0.618
0.479
0.399
0.326
0.468
0.401
0.525
0.501
0.345
0.344
0.369
0.377
0.392
0.293
0.238
0.187
0.168
0.192
0.212
0.254
0.297
0.352
0.282
0.284
0.274
0.248
0.299
0.414
0.489
0.59
1.0
0.754
1.0
0.553
0.33
0.308
0.31
0.322
0.455
0.471
0.447
0.366
0.408
0.466
0.371
0.434
0.346
0.195
0.227
0.309
0.302
0.225
0.228
0.26
0.336
0.271
0.321
0.235
0.24
0.354
0.369
0.514
0.736
1.0
0.615
0.497
0.395
0.304
0.355
0.322
0.482
0.465
0.514
0.429
0.447
0.338
0.302
0.365
0.337
0.246
0.169
0.226
0.402
0.306
0.242
0.332
0.452
0.295
0.329
0.234
0.234
0.278
0.339
0.533
0.563
0.549
0.494
0.448
0.383
0.303
0.301
0.387
0.403
0.494
0.38
0.444
0.431
0.299
0.313
0.269
0.306
0.181
0.225
0.211
0.298
0.245
0.282
0.29
0.368
0.351
0.415
0.279
0.287
0.262
0.34
0.55
0.48
0.455
0.402
0.339
0.489
0.417
0.308
0.326
0.451
0.441
0.419
0.369
0.38
0.254
0.236
0.233
0.278
0.239
0.212
0.196
0.236
0.285
0.246
0.333
0.375
0.402
0.469
0.317
0.308
0.276
0.427
0.467
0.444
0.452
0.299
0.302
0.342
0.323
0.323
0.334
0.428
0.451
0.428
0.516
0.363
0.265
0.328
0.326
0.313
0.178
0.183
0.224
0.222
0.238
0.307
0.312
0.342
0.37
0.362
0.427
0.325
0.29
0.33
0.328
0.401
0.423
0.341
0.365
0.379
0.303
0.305
0.438
0.483
0.383
0.387
0.321
0.374
0.309
0.438
0.331
0.353
0.239
0.261
0.249
0.315
0.243
0.299
0.304
0.263
0.341
0.379
0.363
0.457
0.383
0.293
0.335
0.267
0.282
0.334
0.395
0.388
0.337
0.323
0.318
0.391
0.413
0.382
0.336
0.419
0.374
0.344
0.447
0.519
0.463
0.32
0.297
0.275
0.251
0.319
0.242
0.22
0.291
0.424
0.404
0.425
0.264
0.214
0.241
0.224
0.244
0.35
0.501
0.402
0.289
0.24
0.27
0.416
0.402
0.34
0.319
0.298
0.337
0.296
0.349
0.345
0.46
0.3
0.349
0.414
0.28
0.255
0.301
0.297
0.292
0.401
0.392
0.345
0.249
0.2
0.219
0.302
0.301
0.502
0.437
0.347
0.36
0.268
0.279
0.417
0.579
0.501
0.313
0.296
0.38
0.366
0.365
0.412
0.312
0.38
0.54
0.481
0.424
0.297
0.257
0.275
0.333
0.511
0.464
0.425
0.304
0.244
0.298
0.267
0.4
0.415
0.443
0.345
0.441
0.353
0.38
0.425
0.483
0.485
0.41
0.329
0.404
0.429
0.355
0.307
0.236
0.397
0.507
0.423
0.5
0.332
0.343
0.347
0.498
0.489
0.51
0.359
0.311
0.332
0.342
0.382
0.408
0.402
0.383
0.364
0.377
0.353
0.438
0.417
0.499
0.418
0.497
0.41
0.475
0.519
0.519
0.423
0.452
0.339
0.369
0.505
0.431
0.357
0.429
0.389
0.449
0.347
0.439
0.454
0.434
0.346
0.276
0.309
0.379
0.354
0.306
0.441
0.386
0.419
0.506
0.431
0.392
0.426
0.387
0.345
0.418
0.512
0.565
0.52
0.42
0.254
0.403
0.425
0.478
0.446
0.395
0.416
0.349
0.283
0.277
0.301
0.402
0.37
0.313
0.514
0.405
0.298
0.299
0.461
0.383
0.366
0.37
0.431
0.309
0.29
0.424
0.328
0.402
0.438
0.406
0.488
0.364
0.313
0.327
0.426
0.534
0.406
0.396
0.42
0.283
0.282
0.252
0.247
0.284
0.348
0.364
0.424
0.418
0.363
0.333
0.338
0.308
0.429
0.321
0.436
0.273
0.249
0.346
0.361
0.389
0.36
0.383
0.414
0.368
0.297
0.338
0.39
0.516
0.369
0.42
0.349
0.315
0.351
0.327
0.314
0.426
0.383
0.346
0.473
0.473
0.349
0.371
0.308
0.304
0.269
0.271
0.485
0.27
0.288
0.363
0.353
0.393
0.449
0.346
0.299
0.312
0.311
0.278
0.264
0.389
0.332
0.372
0.364
0.395
0.415
0.354
0.352
0.39
0.345
0.384
0.438
0.408
0.274
0.309
0.234
0.213
0.227
0.257
0.337
0.2
0.198
0.228
0.239
0.268
0.358
0.266
0.189
0.169
0.234
0.359
0.203
0.231
0.356
0.377
0.296
0.236
0.307
0.279
0.276
0.322
0.406
0.329
0.365
0.222
0.149
0.159
0.201
0.169
0.29
0.32
0.319
0.162
0.19
0.209
0.249
0.194
0.288
0.246
0.162
0.197
0.937
0.812
0.823
0.935
0.829
0.931
0.917
0.938
0.826
0.947
0.947
0.885
0.774
0.74
0.765
0.865
0.878
0.797
0.869
0.76
0.76
0.878
0.837
0.972
0.921
0.862
0.783
0.806
0.886
0.958
0.802
0.791
0.826
0.887
0.932
0.945
0.938
0.95
0.892
0.982
0.955
0.943
0.9
0.887
0.927
0.89
0.936
0.966
0.943
0.965
0.975
0.869
0.87
0.968
0.985
0.929
0.986
0.892
0.905
0.978
0.956
0.949
0.972
0.787
0.955
0.977
0.986
0.978
0.932
0.963
0.893
0.91
0.949
0.916
0.935
0.946
0.94
0.971
0.975
0.921
0.91
0.888
0.96
0.982
0.938
0.908
0.978
0.888
0.889
0.896
0.947
0.947
0.951
0.973
0.97
0.88
0.863
0.887
0.972
0.957
0.937
0.955
0.947
0.954
0.977
0.991
0.955
0.955
0.902
0.883
0.898
0.945
0.904
0.899
0.984
0.953
0.919
0.901
0.945
0.901
0.888
0.938
0.942
0.906
0.982
0.966
0.979
0.899
0.789
0.873
0.876
0.941
0.957
0.968
0.955
0.904
0.959
0.993
0.953
0.949
0.92
0.971
0.981
0.987
0.97
0.892
0.908
0.969
0.974
0.956
0.992
0.969
0.936
0.886
0.918
0.953
0.909
0.945
0.913
0.957
0.938
0.958
0.875
0.879
0.944
0.902
0.902
0.93
0.965
0.916
0.906
0.948
0.972
0.97
0.947
0.972
0.901
0.951
0.893
0.906
0.891
0.954
0.961
0.957
0.97
0.878
0.859
0.887
0.966
0.949
0.886
0.808
0.945
0.922
0.928
0.885
0.882
0.896
0.949
0.974
0.952
0.951
0.977
0.979
0.986
0.938
0.966
0.96
0.987
0.963
0.937
0.974
0.898
0.943
0.965
0.958
0.977
0.897
0.88
0.895
0.909
0.991
0.887
0.867
0.9
0.928
0.942
0.898
0.932
0.935
0.962
0.955
0.983
0.992
0.915
0.928
0.97
0.939
0.981
0.997
0.987
0.972
0.955
0.976
0.894
0.898
0.884
0.941
0.904
0.906
0.973
0.959
0.954
0.908
0.903
0.921
0.884
0.927
0.929
0.895
0.869
0.891
0.915
0.95
0.989
0.919
0.94
0.943
0.898
0.914
0.998
0.959
0.988
0.934
0.948
0.987
0.95
0.902
0.892
0.936
0.916
0.962
0.957
0.949
0.953
0.949
0.951
0.935
0.944
0.91
0.899
0.938
0.928
0.958
0.955
0.946
0.945
0.954
0.95
0.962
0.953
0.91
0.948
0.956
0.965
0.957
0.95
0.942
0.943
0.933
0.882
0.914
0.981
0.962
0.901
0.892
0.966
0.895
0.948
0.904
0.897
0.998
0.95
0.918
0.907
0.976
0.98
0.953
0.9
0.946
0.962
0.954
0.906
0.91
0.992
0.964
0.891
0.89
0.969
0.923
0.943
0.941
0.906
0.986
0.963
0.954
0.943
0.945
0.898
0.865
0.901
0.943
0.804
0.959
0.937
0.907
0.994
0.899
0.925
0.972
0.878
0.904
0.984
0.954
0.971
0.916
0.947
0.937
0.914
0.957
0.933
0.991
0.91
0.946
0.948
0.993
0.982
0.936
0.908
0.952
0.953
0.887
0.967
0.971
0.78
0.936
0.962
0.906
0.968
0.889
0.872
0.944
0.883
0.881
0.943
0.949
0.925
0.966
0.921
0.949
0.936
0.978
0.989
0.92
0.994
0.932
0.987
0.947
0.933
0.88
0.934
0.965
0.997
0.977
0.955
0.923
0.846
0.87
0.936
0.958
0.908
0.876
0.892
0.894
0.939
0.934
0.949
0.973
0.902
0.953
0.986
0.951
0.978
0.957
0.901
0.884
0.983
0.974
0.923
0.903
0.895
0.933
0.908
0.896
0.902
0.904
0.895
0.919
0.848
0.847
0.874
0.973
0.978
0.883
0.941
0.952
0.97
0.954
0.908
0.923
0.969
0.978
0.986
1.0
0.921
0.958
0.941
0.9
0.985
0.92
0.947
0.966
0.912
0.942
0.957
0.965
0.976
0.908
0.862
0.763
0.766
0.834
0.873
0.891
0.956
0.968
0.906
0.94
0.896
0.908
0.937
0.974
0.974
0.967
1.0
0.943
1.0
0.946
0.913
0.931
0.898
0.895
0.953
0.981
0.977
0.913
0.951
0.988
0.91
0.987
0.957
0.776
0.887
0.94
0.94
0.883
0.904
0.917
0.949
0.926
0.962
0.882
0.886
0.943
0.908
0.958
0.991
1.0
0.929
0.944
0.943
0.901
0.96
0.923
0.987
0.957
0.976
0.961
0.975
0.915
0.899
0.954
0.954
0.868
0.799
0.881
0.977
0.932
0.898
0.957
0.983
0.908
0.942
0.879
0.871
0.878
0.885
0.978
0.989
0.922
0.965
0.957
0.947
0.912
0.882
0.968
0.969
0.976
0.916
0.983
0.976
0.903
0.918
0.898
0.921
0.798
0.87
0.873
0.932
0.889
0.927
0.917
0.957
0.946
0.969
0.9
0.938
0.879
0.905
0.991
0.955
0.95
0.935
0.897
0.994
0.967
0.892
0.902
0.989
0.959
0.976
0.923
0.944
0.893
0.897
0.893
0.935
0.853
0.834
0.859
0.861
0.929
0.901
0.94
0.947
0.955
0.985
0.907
0.94
0.902
0.97
0.976
0.961
0.99
0.892
0.891
0.903
0.948
0.928
0.914
0.949
0.972
0.968
0.995
0.945
0.908
0.946
0.939
0.931
0.803
0.792
0.905
0.881
0.892
0.955
0.941
0.943
0.936
0.925
0.964
0.908
0.912
0.953
0.925
0.957
0.976
0.95
0.951
0.975
0.913
0.918
0.969
0.98
0.923
0.953
0.922
0.953
0.899
0.966
0.902
0.921
0.815
0.895
0.888
0.921
0.875
0.952
0.939
0.913
0.953
0.941
0.917
0.976
0.961
0.901
0.942
0.89
0.897
0.932
0.944
0.944
0.942
0.936
0.913
0.958
0.974
0.95
0.901
0.979
0.953
0.909
0.967
0.988
0.979
0.948
0.937
0.884
0.868
0.968
0.883
0.887
0.894
0.968
0.954
0.976
0.892
0.883
0.924
0.897
0.902
0.915
0.973
0.956
0.901
0.909
0.895
0.966
0.967
0.929
0.941
0.908
0.944
0.894
0.943
0.924
0.974
0.909
0.929
0.964
0.886
0.893
0.936
0.927
0.89
0.943
0.96
0.911
0.883
0.865
0.902
0.962
0.898
0.985
0.947
0.911
0.94
0.904
0.901
0.948
0.982
0.976
0.897
0.895
0.961
0.944
0.952
0.966
0.912
0.904
0.996
0.978
0.97
0.891
0.892
0.893
0.901
0.991
0.966
0.967
0.936
0.899
0.951
0.91
0.941
0.96
0.968
0.908
0.973
0.944
0.943
0.946
0.962
0.975
0.954
0.921
0.96
0.954
0.896
0.885
0.816
0.915
0.987
0.918
0.989
0.92
0.937
0.948
0.993
0.974
0.988
0.919
0.915
0.937
0.955
0.973
0.96
0.959
0.947
0.913
0.94
0.914
0.963
0.912
0.981
0.919
0.974
0.952
0.964
0.982
0.974
0.947
0.969
0.886
0.908
0.973
0.953
0.924
0.981
0.963
0.972
0.913
0.974
0.975
0.974
0.952
0.9
0.897
0.952
0.936
0.906
0.985
0.958
0.957
0.951
0.964
0.945
0.971
0.957
0.894
0.947
0.992
0.986
0.981
0.954
0.823
0.953
0.965
0.978
0.98
0.942
0.961
0.937
0.887
0.894
0.894
0.968
0.95
0.913
0.995
0.948
0.895
0.886
0.976
0.953
0.937
0.914
0.977
0.911
0.913
0.985
0.888
0.942
0.97
0.917
0.987
0.919
0.87
0.895
0.971
0.992
0.956
0.95
0.971
0.906
0.937
0.912
0.894
0.905
0.948
0.942
0.947
0.954
0.947
0.946
0.936
0.908
0.99
0.914
0.963
0.895
0.889
0.951
0.948
0.953
0.918
0.941
0.966
0.953
0.909
0.927
0.95
0.986
0.904
0.968
0.935
0.907
0.951
0.939
0.922
0.972
0.94
0.927
0.987
0.974
0.943
0.972
0.939
0.928
0.911
0.897
0.99
0.906
0.945
0.961
0.949
0.957
0.977
0.938
0.94
0.931
0.933
0.888
0.877
0.913
0.889
0.948
0.944
0.969
0.967
0.935
0.955
0.943
0.894
0.961
0.974
0.96
0.876
0.927
0.859
0.859
0.875
0.891
0.947
0.859
0.852
0.867
0.88
0.863
0.938
0.878
0.845
0.754
0.835
0.949
0.791
0.806
0.93
0.954
0.894
0.824
0.9
0.902
0.911
0.896
0.938
0.911
0.935
0.789
0.72
0.735
0.843
0.792
0.932
0.894
0.932
0.796
0.862
0.857
0.857
0.776
0.883
0.879
0.741
0.757
0.997
0.956
0.968
0.997
0.967
0.999
0.995
0.998
0.984
0.997
0.996
0.981
0.961
0.965
0.948
0.985
0.992
0.963
0.984
0.96
0.97
0.989
0.974
1.0
0.994
0.991
0.969
0.965
0.991
0.998
0.971
0.953
0.971
0.987
0.998
0.998
0.998
0.998
0.992
1.0
0.994
0.999
0.992
0.985
0.999
0.99
0.997
0.998
0.998
0.997
0.999
0.988
0.992
1.0
1.0
0.993
1.0
0.99
0.988
1.0
0.996
0.996
0.995
0.961
0.998
1.0
1.0
0.999
0.992
1.0
0.995
0.992
1.0
0.989
0.999
0.998
0.997
1.0
0.999
0.992
0.993
0.99
0.999
1.0
0.999
0.991
1.0
0.987
0.991
0.991
0.997
0.997
0.996
0.999
0.998
0.992
0.989
0.992
0.999
0.997
0.997
1.0
0.996
0.999
0.999
1.0
0.998
0.998
0.995
0.995
0.992
0.999
0.994
0.992
1.0
0.998
0.989
0.994
0.998
0.993
0.991
0.999
0.996
0.992
0.998
0.998
1.0
0.989
0.966
0.985
0.99
0.999
0.998
1.0
0.999
0.991
0.997
1.0
0.998
0.996
0.99
0.998
1.0
1.0
0.999
0.996
0.989
0.999
1.0
0.994
1.0
1.0
0.998
0.983
0.999
1.0
0.991
0.998
0.989
1.0
0.997
0.998
0.987
0.988
0.995
0.987
0.996
0.99
0.998
0.995
0.995
0.998
1.0
0.999
1.0
1.0
0.993
0.992
0.991
0.988
0.991
0.996
0.996
0.996
1.0
0.994
0.992
0.991
1.0
0.998
0.99
0.972
0.999
0.992
0.996
0.994
0.991
0.989
0.999
1.0
0.998
0.999
1.0
0.999
1.0
0.989
0.998
0.998
1.0
0.997
0.995
1.0
0.992
0.999
1.0
0.994
1.0
0.99
0.987
0.991
0.991
1.0
0.994
0.989
0.991
0.997
0.998
0.995
0.992
0.996
1.0
0.999
1.0
1.0
0.991
0.989
1.0
0.998
0.997
1.0
0.999
0.999
0.993
0.998
0.99
0.99
0.989
0.997
0.987
0.993
0.999
1.0
0.998
0.996
0.993
0.993
0.991
0.995
0.998
0.995
0.993
0.994
0.993
0.998
1.0
0.992
0.997
0.997
0.996
0.991
1.0
0.999
1.0
0.992
0.997
1.0
0.999
0.987
0.983
0.998
0.992
0.999
0.994
0.997
0.999
0.998
0.999
0.998
0.996
0.992
0.995
0.997
0.996
0.997
0.997
0.995
0.996
0.998
0.999
0.995
0.994
0.99
0.997
0.996
1.0
0.998
0.994
0.998
0.998
0.998
0.987
0.994
1.0
0.999
0.989
0.99
0.998
0.986
0.995
0.994
0.986
1.0
0.996
0.995
0.993
1.0
0.999
0.996
0.987
0.997
0.999
0.994
0.987
0.99
1.0
0.998
0.984
0.991
1.0
0.99
0.996
0.994
0.993
1.0
0.996
0.995
0.999
0.998
0.989
0.985
0.986
0.996
0.963
0.996
0.997
0.987
1.0
0.992
0.998
0.999
0.992
0.99
0.998
0.998
0.997
0.986
1.0
0.997
0.992
1.0
0.992
1.0
0.992
0.999
0.999
1.0
1.0
1.0
0.993
0.998
0.997
0.989
1.0
0.999
0.97
0.997
0.999
0.988
0.999
0.988
0.986
0.998
0.995
0.996
0.997
1.0
0.994
1.0
0.992
1.0
0.991
0.999
1.0
0.994
1.0
0.988
1.0
0.999
0.997
0.996
0.999
0.997
1.0
1.0
0.999
0.996
0.991
0.993
0.997
0.999
0.987
0.993
0.991
0.991
0.999
1.0
1.0
0.999
0.991
0.998
1.0
0.998
1.0
0.998
0.988
0.987
0.999
0.999
0.989
0.99
0.988
0.999
0.989
0.991
0.983
0.988
0.989
0.998
0.99
0.991
0.989
1.0
0.999
0.989
0.997
0.998
0.998
0.999
0.987
0.994
1.0
0.999
1.0
1.0
0.994
0.997
0.998
0.989
1.0
0.998
0.999
0.999
0.994
0.992
0.995
1.0
0.999
0.994
0.989
0.974
0.969
0.99
0.991
0.99
0.997
0.999
0.993
0.995
0.99
0.989
0.997
1.0
1.0
0.999
1.0
0.992
1.0
0.996
0.989
0.994
0.991
0.996
0.999
1.0
0.998
0.991
0.998
0.999
0.995
1.0
0.999
0.967
0.989
0.999
0.998
0.991
0.987
0.991
0.997
0.994
0.999
0.993
0.992
0.997
0.982
0.997
0.999
1.0
0.988
0.996
0.997
0.991
0.999
0.991
1.0
0.998
0.998
0.996
0.999
0.993
0.992
0.998
0.999
0.985
0.962
0.986
1.0
0.997
0.994
0.997
1.0
0.991
0.994
0.988
0.983
0.987
0.989
1.0
0.999
0.993
0.998
0.998
0.999
0.99
0.986
0.999
0.998
1.0
0.989
1.0
1.0
0.997
0.995
0.988
0.997
0.974
0.985
0.993
0.996
0.991
0.999
0.992
0.997
0.997
0.999
0.989
0.997
0.989
0.991
0.998
0.999
0.997
0.999
0.992
1.0
1.0
0.994
0.988
1.0
0.999
0.999
0.988
0.997
0.996
0.99
0.991
0.998
0.988
0.99
0.991
0.987
0.994
0.992
0.996
0.998
0.997
0.999
0.991
0.997
0.985
1.0
0.998
0.996
1.0
0.995
0.994
0.987
0.997
0.995
0.994
0.997
1.0
1.0
1.0
0.997
0.994
0.999
0.998
0.994
0.958
0.96
0.998
0.989
0.99
0.998
0.998
0.997
0.996
0.992
1.0
0.992
0.989
0.995
0.987
0.997
1.0
0.992
0.999
0.999
0.994
0.99
0.998
1.0
0.996
0.998
0.992
0.997
0.991
0.999
0.991
0.995
0.969
0.988
0.984
0.997
0.992
0.995
0.998
0.993
0.998
0.998
0.99
1.0
0.999
0.993
0.997
0.991
0.992
0.999
0.995
1.0
0.997
0.999
0.986
0.998
1.0
0.994
0.997
0.997
0.998
0.994
0.999
0.999
1.0
0.998
0.998
0.992
0.99
0.999
0.989
0.992
0.992
0.998
0.999
0.999
0.992
0.991
0.997
0.99
0.995
0.991
1.0
0.994
0.991
0.986
0.987
0.999
1.0
0.989
0.995
0.988
0.999
0.992
0.997
0.993
0.999
0.994
0.991
1.0
0.991
0.992
0.998
0.997
0.995
0.998
0.998
0.991
0.991
0.988
0.992
0.998
0.994
1.0
0.997
0.983
0.996
0.99
0.992
0.999
1.0
0.996
0.994
0.993
0.999
0.995
0.998
0.999
0.988
0.993
1.0
1.0
1.0
0.989
0.988
0.993
0.993
0.999
0.997
0.996
0.997
0.987
0.995
0.99
0.996
0.997
0.999
0.991
0.999
0.996
1.0
0.997
0.995
0.999
0.998
0.99
0.999
0.998
0.993
0.986
0.969
0.995
1.0
0.988
1.0
0.987
0.995
1.0
1.0
0.999
1.0
0.989
0.991
0.998
0.996
1.0
0.998
1.0
0.999
0.995
1.0
0.994
0.999
0.993
1.0
0.992
1.0
0.997
0.999
1.0
1.0
0.995
1.0
0.988
0.989
0.999
1.0
0.991
0.998
1.0
1.0
0.998
0.998
0.999
0.998
1.0
0.985
0.988
0.996
0.997
0.99
0.998
0.997
0.996
1.0
0.999
0.998
1.0
0.997
0.992
0.996
1.0
1.0
1.0
0.999
0.969
0.999
0.999
1.0
1.0
0.999
0.998
0.995
0.989
0.992
0.992
0.997
1.0
0.99
1.0
1.0
0.985
0.989
0.999
0.998
0.998
0.99
0.998
0.989
0.985
1.0
0.997
0.995
1.0
0.992
1.0
0.988
0.986
0.993
0.999
1.0
0.998
0.998
0.999
0.99
0.997
0.988
0.992
0.986
0.995
0.997
0.997
0.996
0.998
0.997
0.997
0.992
1.0
0.993
0.998
0.987
0.991
0.999
0.997
0.999
0.986
0.999
1.0
1.0
0.987
0.998
0.997
1.0
0.991
1.0
0.997
0.991
0.999
0.999
0.99
0.996
0.998
0.989
0.999
0.999
1.0
0.999
0.994
0.995
0.994
0.987
1.0
0.989
0.998
0.999
0.998
1.0
1.0
0.998
0.997
0.999
0.998
0.993
0.986
0.997
0.993
0.998
0.998
0.999
0.999
1.0
0.998
1.0
0.996
0.997
1.0
0.999
0.991
0.991
0.988
0.983
0.992
0.991
0.998
0.988
0.994
0.987
0.988
0.988
0.996
0.99
0.987
0.966
0.974
0.998
0.96
0.965
0.994
0.996
0.994
0.974
0.994
0.991
0.989
0.989
1.0
0.991
0.998
0.956
0.956
0.955
0.974
0.967
0.993
0.994
0.994
0.972
0.989
0.988
0.981
0.966
0.984
0.982
0.968
0.962

inf
inf
inf
4.0
inf
inf
inf
inf
5.0
4.0
4.0
inf
6.0
inf
inf
inf
inf
inf
inf
inf
inf
inf
inf
6.0
inf
inf
inf
inf
inf
inf
inf
inf
inf
inf
inf
inf
inf
inf
inf
inf
inf
inf
inf
6.0
5.0
4.0
5.0
inf
inf
inf
inf
inf
inf
inf
5.0
inf
inf
inf
inf
inf
inf
inf
inf
inf
7.0
7.0
inf
6.0
5.0
4.0
inf
inf
inf
6.0
5.0
4.0
inf
3.0
inf
inf
inf
inf
4.0
inf
inf
inf
inf
inf
inf
inf
inf
inf
8.0
inf
inf
inf
inf
inf
4.0
5.0
6.0
7.0
inf
inf
5.0
5.5
4.333333333333333
3.0
4.0
inf
inf
inf
inf
inf
inf
inf
inf
inf
inf
inf
inf
inf
inf
inf
7.0
6.0
inf
inf
inf
inf
inf
inf
inf
6.0
inf
inf
inf
4.0
5.0
4.0
inf
4.0
inf
inf
inf
inf
inf
inf
6.0
inf
inf
inf
inf
inf
inf
inf
inf
inf
inf
inf
inf
inf
inf
inf
4.0
7.0
inf
inf
inf
inf
inf
inf
5.0
inf
inf
inf
4.0
inf
inf
inf
inf
inf
5.0
6.0
inf
inf
inf
inf
inf
inf
inf
inf
inf
inf
inf
inf
5.0
inf
inf
5.0
4.0
inf
inf
inf
inf
inf
inf
4.0
3.0
4.0
inf
inf
inf
inf
inf
7.0
inf
inf
inf
6.0
inf
inf
inf
inf
inf
inf
inf
inf
inf
inf
5.0
4.0
3.125
4.0
inf
inf
inf
inf
inf
5.5
4.25
4.25
5.0
inf
inf
inf
inf
inf
inf
inf
4.0
5.0
4.0
inf
inf
inf
inf
inf
inf
inf
7.0
6.0
5.0
3.0
2.0
3.0
inf
inf
inf
inf
inf
inf
inf
5.0
inf
inf
inf
inf
inf
inf
inf
inf
5.0
4.4
3.0
4.0
inf
inf
inf
inf
inf
inf
inf
5.0
5.333333333333333
4.5
3.0
4.0
inf
inf
inf
inf
5.0
inf
inf
9.0
5.0
inf
inf
inf
inf
inf
inf
inf
inf
5.0
4.0
5.0
inf
inf
inf
inf
inf
inf
inf
inf
4.0
5.0
4.0
5.0
inf
inf
inf
inf
inf
inf
inf
10.0
inf
inf
inf
inf
inf
inf
inf
inf
inf
inf
5.0
inf
inf
4.0
6.0
inf
inf
inf
inf
inf
inf
inf
7.0
6.0
inf
inf
5.5
inf
inf
4.0
5.0
11.0
12.0
inf
inf
inf
inf
inf
inf
inf
inf
inf
inf
inf
4.0
3.0
5.0
inf
inf
inf
inf
inf
inf
inf
inf
inf
inf
inf
inf
inf
4.666666666666667
3.1538461538461537
4.0
inf
inf
7.0
4.0
inf
4.0
inf
inf
inf
inf
inf
inf
inf
5.0
5.25
4.0
inf
inf
inf
inf
inf
inf
inf
inf
inf
inf
inf
inf
4.0
3.0555555555555554
2.0991735537190084
3.0606060606060606
4.0
5.0
6.0
5.666666666666667
4.5
3.0
4.0
inf
inf
inf
inf
inf
inf
inf
inf
3.0
4.0
inf
inf
inf
inf
inf
inf
inf
inf
inf
inf
4.0
3.193548387096774
2.08955223880597
1.0
2.0294117647058822
3.0
4.0
5.0
inf
3.0
2.0
3.0
inf
inf
inf
inf
inf
inf
inf
inf
inf
inf
inf
inf
inf
inf
inf
inf
inf
inf
inf
4.0
3.1818181818181817
2.0594059405940595
1.0
2.0
1.0
2.0925925925925926
3.210526315789474
5.0
inf
4.0
3.0
inf
inf
inf
inf
inf
inf
inf
inf
inf
inf
inf
inf
inf
inf
7.0
6.0
inf
inf
inf
inf
inf
4.0
3.111111111111111
2.0195121951219512
1.0
2.027027027027027
3.0
4.0
inf
inf
inf
inf
inf
inf
inf
inf
inf
inf
inf
inf
inf
inf
inf
inf
4.0
inf
7.5
5.0
inf
inf
inf
inf
inf
5.0
4.0
3.0
2.0392156862745097
3.0
4.0
4.5
inf
inf
inf
inf
5.0
inf
inf
inf
inf
inf
inf
inf
inf
inf
inf
inf
5.0
inf
9.0
inf
inf
inf
inf
inf
inf
inf
5.0
4.0
3.0
4.0
inf
inf
inf
inf
inf
inf
inf
5.0
inf
inf
inf
inf
inf
inf
inf
inf
inf
inf
inf
inf
7.0
inf
inf
5.0
6.0
4.0
inf
inf
inf
5.0
inf
inf
inf
inf
inf
inf
inf
inf
inf
inf
inf
inf
inf
inf
inf
inf
inf
inf
inf
inf
inf
inf
7.0
8.0
inf
inf
inf
inf
inf
inf
inf
inf
inf
inf
4.0
inf
inf
inf
inf
inf
inf
inf
inf
6.0
inf
inf
inf
inf
inf
inf
inf
inf
inf
inf
inf
inf
inf
10.0
11.0
inf
inf
inf
inf
inf
inf
inf
4.0
inf
inf
inf
inf
inf
inf
inf
inf
5.0
inf
inf
inf
inf
inf
inf
inf
inf
7.0
inf
inf
inf
inf
inf
4.0
inf
inf
inf
inf
inf
inf
4.0
3.0526315789473686
inf
inf
inf
inf
4.0
3.5
4.0
5.0
inf
inf
inf
inf
inf
inf
inf
inf
5.0
6.0
inf
inf
inf
inf
4.0
inf
inf
inf
inf
inf
inf
4.0
3.0
4.0
5.0
6.0
7.0
4.5
3.25
2.0
3.08
4.0
5.0
5.0
inf
inf
inf
inf
4.0
inf
inf
inf
inf
inf
inf
inf
3.0
4.0
inf
inf
inf
inf
6.0
5.0
4.0
5.0
6.0
6.0
7.0
4.5
5.25
3.25
4.25
5.0
6.0
4.0
5.0
8.0
7.0
6.0
4.0
5.0
inf
inf
inf
inf
inf
inf
4.0
inf
inf
inf
inf
inf
inf
inf
inf
6.0
6.666666666666667
inf
8.0
3.0
5.5
4.333333333333333
4.0
3.0
4.0
3.0869565217391304
4.666666666666667
5.5
6.0
5.0
4.0
5.5
4.0
inf
inf
inf
inf
inf
inf
inf
inf
inf
inf
inf
inf
inf
7.0
6.0
6.0
inf
3.0
2.0
3.0
5.0
inf
4.0
inf
4.0
inf
5.0
4.0
inf
inf
inf
inf
inf
inf
inf
inf
inf
inf
inf
inf
inf
inf
inf
inf
inf
inf
inf
6.0
7.0
4.0
3.0
4.0
5.0
inf
inf
inf
5.0
inf
inf
5.0
inf
inf
inf
inf
6.0
inf
inf
inf
inf
inf
inf
inf
inf
inf
inf
inf
inf
inf
8.0
7.0
inf
inf
inf
5.0
6.0
inf
inf
inf
inf
inf
inf
inf
inf
inf
inf
inf
inf
inf
inf
inf
inf
inf
inf
inf
inf
inf
inf
inf
inf
inf
inf
inf
inf
inf
inf
5.0
inf
inf
inf
inf
inf
6.0
inf
inf
inf
inf
inf
inf
inf
inf
6.0
inf
inf
inf
inf
inf
inf
inf
5.0
inf
inf
inf
inf
inf
inf
inf
inf
4.0
inf
inf
inf
inf
inf
inf
inf
inf
inf
inf
inf
inf
inf
inf
inf
inf
inf
inf
inf
inf
inf
inf
inf
inf
inf
inf
inf
inf
7.0
6.0
inf
inf
inf
inf
inf
inf
inf
inf
inf
inf
inf
18.9438202247191
19.046728971962615
18.146825396825395
15.878627968337732
17.220588235294116
18.189655172413794
17.492401215805472
17.265625
17.996323529411764
16.27061855670103
15.814917127071823
17.822033898305083
18.526666666666667
19.099236641221374
20.641975308641975
18.55430711610487
19.913793103448278
19.597087378640776
19.221818181818183
20.861386138613863
20.86413043478261
18.754789272030653
18.989655172413794
17.71990740740741
18.905844155844157
20.558035714285715
20.65730337078652
20.32850241545894
18.951219512195124
18.94158878504673
18.43404255319149
16.86036036036036
19.859437751004016
18.53731343283582
18.0231884057971
18.136986301369863
19.079019073569484
18.93258426966292
18.618243243243242
18.45287356321839
18.74212034383954
17.842900302114803
17.548494983277592
17.184905660377357
18.175862068965518
17.647058823529413
19.569811320754717
19.144
19.235119047619047
19.322738386308068
18.743181818181817
20.25170068027211
20.527881040892193
18.3
18.696703296703298
18.87125748502994
18.589201877934272
19.504065040650406
20.346774193548388
19.114427860696516
19.22252747252747
18.860892388451443
18.605392156862745
19.84304932735426
18.736017897091724
18.534675615212528
17.68076109936575
18.2
18.8141592920354
18.51025641025641
19.599358974358974
18.624242424242425
18.979166666666668
17.948863636363637
16.076719576719576
15.141210374639769
16.58100558659218
15.139150943396226
17.533692722371967
19.783216783216783
19.245210727969347
18.82006920415225
17.820388349514563
18.869565217391305
20.269886363636363
19.6791277258567
18.79424778761062
20.12937062937063
20.135802469135804
19.733333333333334
18.978851963746223
19.724852071005916
19.226063829787233
19.242924528301888
19.202970297029704
20.194267515923567
20.25089605734767
18.566343042071196
16.54794520547945
18.938875305623473
18.670212765957448
19.08684210526316
19.449035812672175
17.915966386554622
16.80549682875264
16.10597302504817
14.084507042253522
11.089887640449438
14.88109756097561
15.988636363636363
17.473372781065088
18.164222873900293
19.411149825783973
20.27436823104693
18.659420289855074
18.507614213197968
19.018633540372672
19.952978056426332
19.153846153846153
20.416666666666668
20.768
19.23548387096774
20.324404761904763
20.37542662116041
19.339759036144578
18.586797066014668
18.61625282167043
19.909967845659164
20.296803652968038
19.623966942148762
18.580392156862747
19.569620253164558
19.260233918128655
18.945945945945947
19.941176470588236
18.98148148148148
17.971649484536083
17.475285171102662
17.154028436018958
15.631443298969073
15.725274725274724
14.788583509513742
16.641472868217054
17.01518026565465
17.936915887850468
19.159010600706715
19.0777027027027
18.439276485788113
18.919421487603305
19.75598086124402
19.263157894736842
19.708715596330276
20.152439024390244
19.985185185185184
20.332298136645964
19.964912280701753
19.645484949832777
19.183727034120736
20.00314465408805
19.818421052631578
18.0053050397878
18.974789915966387
19.70472440944882
20.351020408163265
17.748447204968944
19.1875
18.89568345323741
17.66773162939297
17.428571428571427
17.76068376068376
17.227138643067846
17.445497630331754
16.62472885032538
17.15505617977528
17.21123595505618
17.017578125
17.387862796833772
18.783236994219653
19.78787878787879
19.842271293375394
20.439252336448597
20.18010752688172
18.64625850340136
19.4819587628866
19.044226044226043
19.640449438202246
19.294820717131476
19.802419354838708
19.42663043478261
19.450746268656715
20.138528138528137
19.9377990430622
18.129533678756477
19.610714285714284
19.774193548387096
20.585585585585587
19.538775510204083
19.265873015873016
17.840579710144926
16.18433179723502
15.637209302325582
16.79493670886076
16.758064516129032
18.054054054054053
17.453222453222452
18.245524296675192
18.54916067146283
16.960526315789473
14.796477495107633
17.304347826086957
18.08730158730159
18.614864864864863
20.182965299684543
20.727272727272727
19.614077669902912
19.573816155988858
19.165548098434005
19.696629213483146
18.89068825910931
19.612
18.830188679245282
18.32
19.406639004149376
18.613636363636363
18.23265306122449
19.59032258064516
20.653979238754324
21.538793103448278
20.93092105263158
19.0718954248366
17.567010309278352
15.825
15.146198830409357
16.62839248434238
17.583333333333332
18.230283911671926
18.133489461358312
18.465994962216623
17.722868217054263
16.957912457912457
16.385740402193786
16.39630390143737
17.480099502487562
18.192477876106196
20.128919860627178
20.85483870967742
20.529411764705884
20.677710843373493
20.31893687707641
19.513513513513512
16.71359223300971
17.734285714285715
16.719160104986877
17.87713310580205
19.053333333333335
19.27848101265823
19.84051724137931
19.947183098591548
20.23972602739726
19.923728813559322
19.96958174904943
19.197802197802197
17.694267515923567
14.981481481481481
10.398637137989779
14.793010752688172
17.429799426934096
18.052023121387283
18.65615141955836
18.1671388101983
17.772401433691755
18.105809128630707
17.27217741935484
17.70744680851064
17.310880829015545
17.930337078651686
19.221884498480243
20.99581589958159
20.196428571428573
20.27936507936508
20.10810810810811
19.295
17.905555555555555
17.524725274725274
13.009732360097324
16.659574468085108
17.924698795180724
18.465798045602607
19.036065573770493
19.58116883116883
19.87226277372263
19.020689655172415
17.850267379679146
18.07231920199501
17.408719346049047
16.682151589242054
15.535452322738386
16.603015075376884
18.577903682719548
18.671779141104295
19.050746268656717
18.10126582278481
18.084233261339094
18.018433179723502
18.011682242990656
18.56233421750663
17.724050632911393
18.639118457300274
18.972067039106147
20.080118694362017
20.595070422535212
19.963380281690142
19.602272727272727
19.700534759358288
20.03767123287671
19.187074829931973
17.452830188679247
17.721611721611723
18.547619047619047
19.045454545454547
18.952380952380953
18.11867364746946
18.98607242339833
18.891304347826086
18.5014164305949
17.310043668122272
15.083160083160083
17.265700483091788
18.2373417721519
18.30790190735695
19.700808625336926
18.991620111731844
19.238709677419354
18.336569579288025
17.087198515769945
17.537634408602152
18.079178885630498
19.114803625377643
19.29904306220096
19.01949860724234
19.320916905444125
19.151133501259444
19.243243243243242
18.26356589147287
18.81527093596059
19.58677685950413
19.334293948126803
19.71212121212121
18.63430420711974
18.484962406015036
18.723776223776223
17.984756097560975
20.02970297029703
19.31900452488688
18.614427860696516
19.260188087774296
18.139676113360323
18.206489675516224
17.276712328767122
18.025462962962962
19.421818181818182
19.743243243243242
19.349765258215964
18.5158924205379
18.170616113744074
18.169184290030213
16.817518248175183
17.100985221674875
17.406153846153845
18.95609756097561
18.732142857142858
18.35477582846004
18.201044386422975
18.165432098765432
17.935334872979215
17.302144249512672
18.34037558685446
19.771349862258955
20.060126582278482
18.986702127659573
18.5425
19.45808383233533
18.801864801864802
16.65188470066519
20.99014778325123
19.553133514986374
19.385749385749385
18.94674556213018
18.546153846153846
19.108527131782946
19.00390625
18.096418732782368
19.339483394833948
20.38403041825095
19.58385093167702
19.1313672922252
17.87784090909091
16.931764705882355
14.687979539641944
13.774049217002236
14.136842105263158
16.15062761506276
17.251461988304094
17.94044665012407
16.696043165467625
17.43424317617866
17.28902953586498
17.20049504950495
19.071225071225072
19.664516129032258
18.423631123919307
18.289473684210527
18.185792349726775
18.60648148148148
18.69
18.64623955431755
18.529411764705884
19.379446640316207
19.468023255813954
19.012594458438286
19.778125
20.395833333333332
20.41176470588235
19.592057761732853
19.125698324022345
19.570621468926554
18.674486803519063
17.137931034482758
16.4056338028169
13.812785388127853
11.628318584070797
8.07679180887372
11.156716417910447
13.288461538461538
14.755162241887906
16.625386996904023
16.047619047619047
16.5625
15.13279132791328
16.895209580838323
18.62925170068027
20.300613496932517
20.632508833922262
20.12962962962963
20.123333333333335
19.051546391752577
19.181818181818183
19.082236842105264
13.073359073359073
18.029268292682925
19.97590361445783
18.753213367609256
19.48421052631579
20.268115942028984
19.67105263157895
19.632075471698112
19.595907928388748
19.6840490797546
18.706666666666667
17.236363636363638
15.360544217687075
10.689964157706093
5.773560209424084
1.0
4.398058252427185
9.862212943632567
12.724310776942357
15.92638036809816
16.623931623931625
15.269326683291771
8.834285714285715
14.662674650698603
18.0231884057971
20.313953488372093
19.528455284552845
19.883289124668433
19.410714285714285
19.372013651877133
19.869747899159663
20.79144385026738
16.738095238095237
19.197916666666668
21.2688679245283
20.669291338582678
19.91919191919192
19.568181818181817
19.96808510638298
19.760563380281692
20.266423357664234
20.201612903225808
18.49163879598662
17.118357487922705
14.339468302658487
8.5
1.0
2.0
1.0
7.929475587703436
11.766666666666667
16.373376623376622
17.06451612903226
16.493788819875775
14.82857142857143
17.24628450106157
18.574944071588366
19.40983606557377
18.982843137254903
18.665236051502145
19.474393530997304
18.870967741935484
18.878612716763005
20.646153846153847
18.766519823788546
18.220064724919094
19.672185430463575
20.226666666666667
19.99561403508772
19.234615384615385
19.30654761904762
19.74538745387454
19.629283489096572
19.417021276595744
18.554166666666667
17.454802259887007
13.962059620596206
10.95136186770428
6.057065217391305
1.0
4.2682926829268295
10.309859154929578
13.51392405063291
17.62828947368421
18.43661971830986
17.565217391304348
16.82572614107884
17.118279569892472
18.424124513618676
18.822843822843822
19.317673378076062
19.680473372781066
19.89072847682119
19.65753424657534
18.833827893175073
19.288617886178862
18.994082840236686
19.305309734513273
19.465174129353233
18.758169934640524
20.169421487603305
18.36144578313253
17.577433628318584
19.298305084745763
19.945288753799392
20.05128205128205
19.23076923076923
18.140287769784173
16.123893805309734
14.688555347091933
12.13854351687389
7.927140255009108
10.704453441295547
13.703125
15.699738903394255
18.16171617161716
18.601328903654483
18.147286821705425
18.153846153846153
17.655870445344128
19.11578947368421
19.36261261261261
19.23665893271462
20.42809364548495
20.47923322683706
21.022304832713754
19.934640522875817
19.497237569060772
19.25777777777778
20.270142180094787
20.530201342281877
21.212244897959184
20.326241134751772
19.97586206896552
18.839673913043477
19.931623931623932
19.674698795180724
20.125448028673834
19.50871080139373
18.232824427480917
17.220588235294116
16.318181818181817
15.460416666666667
14.107692307692307
15.271144278606965
16.47197640117994
17.56646216768916
18.479616306954437
19.905844155844157
19.374233128834355
18.90022172949002
18.743764172335602
18.67780429594272
19.10569105691057
20.07894736842105
21.38976377952756
21.0
21.416309012875537
20.705035971223023
20.11715481171548
19.849056603773583
22.290816326530614
20.572033898305083
20.24561403508772
20.357723577235774
19.876876876876878
19.386666666666667
19.26865671641791
18.946695095948826
19.80441640378549
18.13961038961039
19.347826086956523
18.2903981264637
17.37473233404711
16.213963963963963
17.088495575221238
17.47826086956522
18.364238410596027
18.280701754385966
19.126934984520123
19.229102167182663
19.104790419161677
18.672897196261683
19.01330376940133
18.94626168224299
18.052325581395348
19.754820936639117
20.20754716981132
20.329268292682926
20.15644171779141
19.773162939297123
19.202247191011235
19.846994535519126
20.459821428571427
20.707207207207208
21.516806722689076
20.71661237785016
19.625
19.20175438596491
18.83783783783784
18.723756906077348
19.098360655737704
18.889230769230767
19.444827586206898
19.53030303030303
18.399390243902438
16.76558603491272
18.044917257683217
17.75659824046921
16.83013698630137
18.203166226912927
19.006600660066006
19.859016393442623
18.525114155251142
18.70186335403727
19.344647519582246
18.62532299741602
18.856697819314643
18.577540106951872
19.6957928802589
18.159817351598175
19.770392749244714
19.611898016997166
20.188284518828453
19.544061302681992
20.06024096385542
18.4031746031746
21.234567901234566
21.48494983277592
20.595394736842106
20.1787072243346
19.574780058651026
18.947229551451187
18.269972451790633
17.444201312910284
18.62402088772846
19.378839590443686
19.265671641791045
17.868913857677903
18.4822695035461
17.440119760479043
16.572151898734177
17.943298969072163
18.590504451038576
18.959752321981423
18.78616352201258
18.17391304347826
17.88861985472155
17.698952879581153
18.357142857142858
18.21002386634845
19.767379679144383
19.540697674418606
18.55704697986577
18.398843930635838
17.85961123110151
18.875
19.973063973063972
19.14181818181818
20.47808764940239
20.369905956112852
20.272727272727273
20.186363636363637
20.120274914089347
18.63443396226415
17.034653465346533
18.084705882352942
18.71590909090909
19.981308411214954
19.456431535269708
18.111607142857142
17.66393442622951
15.771428571428572
12.656686626746508
16.76865671641791
18.463667820069205
18.004166666666666
18.22962962962963
17.302884615384617
14.743781094527364
15.923529411764706
18.238244514106583
18.62751677852349
19.875370919881306
20.54391891891892
18.34383954154728
18.620289855072464
17.858695652173914
19.206666666666667
18.882521489971346
18.28743961352657
20.37857142857143
21.32941176470588
20.21262458471761
19.575757575757574
19.986301369863014
17.581047381546135
17.15561224489796
18.93623188405797
20.136546184738958
20.72
19.15068493150685
18.466887417218544
16.93355481727575
15.219123505976096
16.496567505720822
17.89913544668588
18.005555555555556
18.242537313432837
16.734767025089607
15.031175059952039
9.053540587219343
12.073852295409182
15.875399361022364
17.80743243243243
19.00263157894737
18.781420765027324
18.55890410958904
18.184466019417474
19.17948717948718
15.128947368421052
17.414814814814815
17.904365904365903
19.191037735849058
20.764309764309765
20.32295719844358
19.523636363636363
17.54054054054054
14.788649706457926
16.76508620689655
17.57176470588235
19.43092105263158
20.15983606557377
20.20805369127517
19.38576779026217
18.41
17.320481927710844
16.668171557562076
17.556521739130435
17.895691609977323
17.572237960339944
16.568421052631578
15.743529411764706
14.869565217391305
15.420618556701031
15.56341463414634
16.43161094224924
16.146039603960396
16.916083916083917
17.585915492957746
18.745928338762216
18.296610169491526
15.69521410579345
17.17948717948718
18.39479905437352
18.544
19.596385542168676
19.411078717201168
18.544668587896254
17.076305220883533
15.98364008179959
16.7
17.874651810584957
19.212218649517684
19.096385542168676
19.792397660818715
18.905759162303664
18.291666666666668
19.101990049751244
17.788511749347258
17.62087912087912
16.960212201591514
16.325779036827196
14.073059360730594
15.645083932853717
16.006012024048097
14.78468899521531
13.074446680080483
15.165853658536586
13.210526315789474
15.934489402697496
15.786127167630058
17.18676122931442
17.86725663716814
15.805309734513274
17.03252032520325
17.697029702970298
18.809744779582367
19.50700280112045
18.864801864801866
18.616966580976865
17.723830734966594
17.780979827089336
17.892938496583145
17.43612334801762
18.580645161290324
20.13583815028902
19.568840579710145
18.77022653721683
19.348284960422163
19.36723163841808
19.356209150326798
18.08390022675737
17.417098445595855
14.909307875894989
9.369565217391305
14.967517401392112
16.617346938775512
16.143192488262912
16.834625322997415
16.69855072463768
16.89952153110048
17.060546875
16.382300884955754
16.265384615384615
17.35238095238095
16.771653543307085
17.736972704714642
17.903529411764705
17.838912133891213
19.278026905829595
19.458227848101266
18.783653846153847
19.10888252148997
19.29328621908127
19.032490974729242
19.239202657807308
18.66417910447761
19.25945945945946
19.472843450479232
18.095330739299612
18.108641975308643
18.838926174496645
19.367892976588628
18.470715835140997
18.16971279373368
16.8224043715847
14.31081081081081
16.52204176334107
17.867313915857604
17.74137931034483
17.985849056603772
18.24390243902439
18.475124378109452
17.69406392694064
17.985221674876847
17.057377049180328
18.25
16.35143769968051
17.59633027522936
17.866197183098592
17.209737827715355
18.682266009852217
19.17929292929293
19.34285714285714
19.869257950530034
20.25177304964539
20.146825396825395
19.80161943319838
19.39788732394366
19.896551724137932
18.766483516483518
17.92452830188679
18.303827751196174
18.462809917355372
20.12012012012012
20.494082840236686
19.944805194805195
17.997668997669
17.722741433021806
17.676605504587155
17.63736263736264
18.995983935742974
18.96820809248555
18.74792243767313
18.20822622107969
18.09722222222222
17.87206266318538
18.301932367149757
18.619565217391305
18.835016835016834
18.801775147928993
18.276923076923076
17.56782945736434
18.84552845528455
18.938095238095237
19.873925501432666
19.917460317460318
18.962962962962962
18.027522935779817
19.03184713375796
18.469483568075116
18.953002610966056
18.514450867052023
17.17124735729387
18.482029598308667
18.939828080229226
18.881401617250674
20.321428571428573
20.1875
19.37174721189591
18.44280442804428
17.311340206185566
18.58888888888889
19.95138888888889
18.52892561983471
19.51274787535411
18.862595419847327
18.035634743875278
18.45664739884393
19.819397993311036
19.192307692307693
18.234726688102892
19.510791366906474
19.765151515151516
18.786632390745503
19.17168674698795
18.822580645161292
19.752747252747252
18.931645569620255
17.802409638554217
18.26553672316384
19.133522727272727
19.52820512820513
19.315942028985507
18.302083333333332
18.534246575342465
19.08823529411765
19.51094890510949
19.63430420711974
20.264957264957264
20.863849765258216
19.634361233480178
18.731517509727627
18.062314540059347
20.055
21.439393939393938
20.61842105263158
20.673640167364017
20.291044776119403
18.539106145251395
19.74436090225564
21.074074074074073
20.449704142011836
18.004273504273506
20.036211699164344
20.620689655172413
20.19047619047619
18.721910112359552
18.885941644562333
18.905405405405407
18.940677966101696
18.90228013029316
18.9247311827957
19.03985507246377
19.145962732919255
17.80295566502463
18.577507598784194
19.295890410958904
19.66216216216216
19.738255033557046
20.433962264150942
20.686567164179106
21.284023668639055
19.041379310344826
18.434375
18.282131661442005
19.104938271604937
20.50526315789474
20.875598086124402
19.823293172690764
19.938144329896907
18.118055555555557
19.6260162601626
21.0
20.6497461928934
8.989327641408751
9.55911330049261
8.869987849331713
7.363636363636363
8.325693606755127
7.958109559613319
8.312977099236642
8.140724946695096
8.423728813559322
7.135163674762407
7.268215417106653
8.76497175141243
9.3656330749354
9.552702702702703
9.58954248366013
8.94335260115607
9.574031890660592
9.820577164366373
9.319907940161105
10.090789473684211
9.998684210526315
9.14123006833713
8.776583034647551
7.695473251028806
8.589576547231271
9.819025522041763
10.149425287356323
9.631513647642679
8.959367945823928
8.931106471816284
9.197007481296758
8.58912768647282
9.177966101694915
9.125140924464487
8.517167381974248
7.847619047619047
8.110874200426439
8.507368421052632
8.918161434977579
8.64562118126273
8.660732984293194
8.068928950159068
7.941111111111111
8.331454340473506
8.486515641855448
8.570786516853932
8.865384615384615
8.458592132505176
9.226935312831388
9.03937823834197
8.614358974358975
9.398158803222094
9.491954022988505
8.438016528925619
8.094416243654821
8.653390742734123
8.487829614604463
9.725336322869955
9.65414364640884
8.514314928425359
9.222803347280335
9.297154899894625
8.82716049382716
9.360864040660736
8.136125654450261
8.265097236438075
7.877281947261663
8.265848670756647
8.554721030042918
8.015576323987538
9.007838745800672
8.954945054945055
8.579557428872498
8.069868995633188
7.2727272727272725
7.371035940803383
7.419148936170213
7.111225540679712
8.136410256410256
8.84799131378936
9.516483516483516
9.382882882882884
8.466666666666667
8.69959266802444
9.2590618336887
9.231277533039648
8.552147239263803
9.38626126126126
9.692913385826772
9.883928571428571
9.246040126715945
9.237592397043295
9.304942166140904
9.157245632065775
9.172164948453608
9.301136363636363
9.438006952491309
8.861330326944758
7.517489711934156
8.406478578892372
8.695837780149413
8.735078534031414
9.116156282998944
8.527253668763104
7.642784032753326
7.318869828456105
6.677486910994764
5.9120418848167535
7.159645232815964
7.250283125707814
7.971046770601336
8.50899470899471
9.037610619469026
9.28476084538376
8.378048780487806
8.418677859391396
9.285092491838956
9.661487236403996
9.239153439153439
9.90677025527192
10.056306306306306
9.436034115138593
9.566878980891719
9.916114790286976
9.287169042769857
8.969979296066253
8.763023493360572
9.615127919911012
9.652724968314322
9.380297823596793
8.949771689497718
8.928799149840595
8.404388714733543
8.161157024793388
9.027225130890052
8.959070796460177
8.394160583941606
7.515609264853978
7.4491080797481635
7.419388830347734
7.363043478260869
6.49330587023687
7.047910295616718
7.211752786220871
8.128865979381443
9.036995515695068
9.08920704845815
8.568627450980392
8.659137577002053
9.244769874476987
8.866935483870968
9.565531475748195
9.878205128205128
10.107223476297968
9.786492374727668
10.124868835257082
9.845984598459847
9.367195767195767
9.652792990142387
9.240334378265413
8.681236673773988
8.993736951983298
9.430857142857143
9.37542662116041
8.54343220338983
9.004434589800443
9.125277161862527
8.696774193548388
8.369948186528497
8.06768558951965
8.015452538631347
8.10548523206751
7.738683127572016
7.895876288659794
7.865892291446674
7.610082304526749
8.051054384017759
8.763406940063092
9.153415453527435
9.291390728476822
9.632996632996633
9.446540880503145
9.037460978147763
9.32601880877743
8.954639175257732
9.87129840546697
10.079161816065191
10.045095828635851
9.27536231884058
9.447839831401476
9.943566591422123
9.909653465346535
8.66031746031746
9.338394793926247
9.517241379310345
9.972881355932204
9.625850340136054
9.378348214285714
8.599578503688093
7.465092402464066
7.256302521008403
7.495268138801261
7.618219037871034
8.248212461695609
7.934077079107505
8.465884861407249
8.349896480331262
7.8125
6.860182370820668
8.065420560747663
8.393810032017075
8.632443531827516
9.759465478841872
9.91304347826087
9.417616580310881
9.606471816283925
8.884339815762539
9.520624303233
9.354545454545455
9.417877094972066
8.993399339933994
8.407669021190717
9.46674182638106
9.205305651672434
8.898888888888889
8.887931034482758
9.570063694267516
10.144766146993318
9.618025751072961
9.050267379679145
8.327442827442827
6.9267015706806285
6.758901322482197
7.469758064516129
8.425136612021857
8.946120689655173
8.753608247422681
8.8839190628328
8.267074413863405
7.492477432296891
7.404255319148936
7.515432098765432
8.23979057591623
8.35655737704918
9.78076062639821
10.49554565701559
10.423076923076923
9.820403825717323
9.567477876106194
9.006622516556291
7.793422404933196
8.504692387904067
7.982180293501048
8.75
9.259136212624584
9.223669923995656
9.281674208144796
9.36569579288026
9.626480086114102
10.039106145251397
9.731875719217491
9.092031425364759
8.397814207650272
7.222105263157895
5.582406471183013
7.562568008705115
8.534042553191489
8.992576882290562
9.420935412026726
9.326039387308533
8.302605210420841
8.042752867570385
8.152834008097166
8.40578158458244
8.074894514767932
8.288753799392097
9.442105263157895
10.392461197339246
10.493273542600896
9.636752136752136
9.502183406113538
8.634095634095635
8.273772204806688
8.238145416227608
6.837355718782791
8.344573234984194
8.59726603575184
8.724064171122995
8.917372881355933
9.246153846153845
9.847608453837598
9.59275053304904
8.758620689655173
8.200417536534447
7.944502617801047
7.719873150105708
7.410582010582011
8.026205450733753
8.811578947368421
9.251559251559252
9.312696747114376
9.374725274725275
8.376582278481013
8.403765690376568
8.503626943005182
8.784743991640543
8.398947368421053
9.19108280254777
9.474019088016966
9.819935691318328
10.078231292517007
9.50656455142232
8.931702344546382
8.8991683991684
9.07325194228635
8.81390134529148
7.8105590062111805
8.822346368715083
9.04746835443038
9.305309734513274
8.826086956521738
7.943887775551103
9.276842105263158
9.458605664488017
8.974641675854466
7.881147540983607
6.783673469387755
7.895068205666317
8.45111111111111
8.721987315010571
9.102910602910603
9.044025157232705
9.269315673289183
9.028571428571428
7.863911290322581
8.090248962655602
8.708193041526375
8.989887640449439
8.757481940144478
9.43661971830986
9.401908801696713
9.0403825717322
9.070640176600442
8.147058823529411
8.91484942886812
9.09014675052411
9.179215270413573
9.227513227513228
8.770601336302896
9.129479768786128
9.0677025527192
8.753976670201485
9.676616915422885
8.871741397288842
9.16862326574173
9.512679162072768
8.61066398390342
8.874304783092326
8.285405405405406
8.445473251028806
9.185649202733485
9.440265486725664
8.965447154471544
8.979035639412999
8.410916580844491
8.399563318777293
7.675818373812038
7.691568836712913
8.101750547045953
8.417972831765935
8.855305466237942
8.858728557013118
8.86923076923077
8.533826638477802
8.272151898734178
7.95166163141994
8.689409368635438
9.286324786324787
9.354625550660794
8.78781512605042
8.256033578174186
8.813979706877113
8.172699069286454
7.554067971163748
9.841025641025642
9.165598290598291
8.77962577962578
9.299116997792494
9.015495867768594
9.55793025871766
9.339449541284404
8.858050847457626
9.501698754246886
9.673098751418841
9.15694591728526
8.60063224446786
8.177297297297297
7.525879917184265
6.679695982627579
6.408851422550053
6.869658119658119
7.328220858895706
7.920121334681497
8.204347826086957
7.313883299798793
7.818669527896995
7.624113475177305
8.302006335797255
9.107181136120042
9.409090909090908
8.913276231263383
8.212435233160623
8.009027081243731
8.824974411463664
8.589528795811518
8.357529794149512
9.364066193853429
9.429885057471264
9.011752136752136
8.795407098121085
9.452643171806168
9.964611872146119
9.908071748878923
9.638702460850112
9.161874334398297
9.30406852248394
8.819810326659642
7.902363823227133
7.392461197339246
6.269674711437566
5.164300202839756
4.383806519453207
5.237218813905931
6.355276907001045
7.273029966703662
7.70475113122172
6.938962360122075
6.982546201232033
6.926327193932828
7.862679955703212
8.893854748603353
9.186495176848874
9.475770925110131
9.303571428571429
9.296008869179602
9.65929203539823
9.660335195530726
8.996735582154516
7.873820754716981
9.159386068476978
9.185354691075515
8.442959917780062
9.026584867075664
9.808607021517554
9.65143464399575
9.513655462184873
9.307216494845362
9.561844863731656
9.212555066079295
8.108342361863489
6.771929824561403
5.0531697341513295
3.0557809330628802
1.0
2.9467969598262758
5.092901878914405
6.359192348565356
7.205555555555556
6.901522842639594
6.801086956521739
5.146779303062302
6.7691511387163565
8.462719298245615
9.289808917197453
9.065830721003135
9.214507772020726
9.08094262295082
9.666299559471366
10.107888631090487
10.294888597640892
9.139686684073107
9.382494004796163
9.446735395189004
9.450056116722783
9.548117154811715
9.275826446280991
9.769315673289183
9.86808510638298
10.056919642857142
10.049559471365638
9.249733191035219
7.777207392197125
6.491786447638604
4.380558428128231
1.0
2.0
1.0
4.369978858350952
6.23329682365827
7.556390977443609
7.724944320712694
7.558659217877095
6.802728226652675
7.6422018348623855
8.439099283520983
9.120481927710843
8.891692954784437
9.209514170040485
9.62087912087912
8.883485309017225
9.599791013584117
10.50257731958763
9.434047350620068
8.913829787234043
8.963829787234042
9.493771234428086
9.795353982300885
9.417666303162486
9.020021074815595
9.79049676025918
9.545738045738046
10.058956916099774
9.545146726862303
8.391304347826088
7.015418502202643
5.361169102296451
3.287588294651867
1.0
3.072120559741658
5.0826271186440675
6.386002120890774
7.7447280799112095
8.189583333333333
8.170097508125677
7.735562310030395
8.027168234064785
8.425204918032787
8.873048907388137
8.990769230769232
9.904918032786885
10.085650723025584
9.51153039832285
9.51362683438155
10.028801843317972
9.969962453066334
9.575482406356413
8.780962128966223
8.810085836909872
9.425389755011135
8.506792058516197
7.739572736520855
9.331497797356828
9.491507430997876
10.050056882821387
9.771526980482204
8.867881548974943
7.632768361581921
6.395705521472393
5.071789686552073
4.2017353579175705
5.262176165803109
6.180773249738767
6.8627243928194295
8.182017543859649
8.821995464852607
8.573347107438016
8.588235294117647
8.258196721311476
8.815502183406114
8.886063072227874
8.857581967213115
9.90033222591362
9.844226579520697
10.22271714922049
9.639522258414766
10.228070175438596
9.60344827586207
9.97938144329897
9.531115879828326
9.6962879640045
9.709816612729234
9.293347873500545
8.899686520376175
9.35306553911205
8.974200206398349
9.678888888888888
9.399786780383796
9.12514220705347
8.078453038674033
6.995963673057518
6.457591623036649
6.505263157894737
6.612834224598931
7.283166109253066
7.5261569416499
8.350568769389865
9.393497757847534
9.3980044345898
8.997977755308392
8.931178310740355
8.771516393442623
8.945828819068256
9.184322033898304
10.117581187010078
10.370122630992196
10.444568868980964
9.775401069518717
9.726846424384526
9.89568345323741
10.380675203725263
10.311265969802555
9.834230355220667
9.874583795782463
9.246808510638298
9.230200633579726
9.24083769633508
8.608121827411168
9.191841234840131
8.934042553191489
9.15521064301552
7.978350515463918
7.724385245901639
6.987513007284079
7.505050505050505
7.688340807174888
7.914702581369248
8.509413067552602
9.195147679324894
9.545258620689655
9.49890590809628
9.0463645943098
8.765432098765432
8.389462809917354
8.020100502512562
9.132275132275133
9.77863436123348
9.610993657505285
9.815761448349308
9.71858216970999
10.205479452054794
10.419191919191919
10.184530386740331
10.248581157775256
10.126681614349776
9.521465968586387
9.332624867162593
9.278897136797456
9.370726495726496
9.22054054054054
8.718879668049793
8.972466960352422
9.205043859649123
8.825813221406086
8.715675675675676
7.988505747126437
8.114754098360656
8.049473684210525
7.4321766561514195
8.262564102564102
9.303395399780943
9.528322440087146
8.73374613003096
8.435714285714285
8.801733477789815
8.599160545645331
8.764642082429502
8.720881427072403
9.21245828698554
8.473084886128364
9.2549889135255
9.280130293159608
9.656441717791411
9.684916201117318
9.787162162162161
9.187839305103148
9.977142857142857
9.806722689075631
9.908413205537807
9.924424972617743
9.308499475341028
9.0
8.452562704471102
7.947745901639344
8.710718002081165
9.429522752497226
9.059447983014863
9.03370786516854
8.755852842809364
8.155579399141631
7.515889830508475
8.085805084745763
8.839702760084926
9.188034188034187
9.157721796276013
8.367432150313153
8.207392197125257
8.147368421052631
8.687014428412875
8.291113381001022
8.846799580272823
9.07040704070407
8.52947259565667
8.253036437246964
7.926455566905005
8.853375527426161
9.286019210245465
9.41289592760181
9.920506912442397
9.790289256198347
10.245753114382786
10.144306651634723
9.601789709172259
8.327479338842975
7.730607966457023
8.223360655737705
9.442825112107624
10.15515288788222
10.033549783549784
9.623188405797102
8.828159645232816
7.66448087431694
6.455292908530319
8.028242677824268
8.724750277469479
9.103410341034104
8.865921787709498
7.815734989648033
7.1840744570837645
7.359526372443487
8.290116896918173
8.702643171806168
9.032838983050848
9.387024608501118
9.005302226935314
8.571428571428571
7.781314168377824
8.801980198019802
8.796555435952637
8.33195020746888
9.565462753950339
10.126539753639417
9.860042735042734
9.572815533980583
9.257303370786516
8.189819724284199
8.2375
8.894621295279912
9.85277463193658
10.478612716763006
10.228381374722838
9.424116424116423
8.565701559020045
7.044670050761422
7.458289334741289
8.207464324917673
8.21808510638298
8.5
7.991120976692564
7.020042194092827
4.95315682281059
5.633196721311475
7.360089186176142
8.2
8.471383975026015
8.86864406779661
8.940126050420169
8.360248447204969
9.033991228070175
7.248893805309734
7.658634538152611
8.386503067484663
8.99278350515464
10.06060606060606
10.061659192825113
9.595744680851064
8.498335183129855
6.9313824419778
7.74120082815735
8.47569803516029
9.639957264957266
10.24694104560623
9.962145110410095
9.475824175824176
8.296493092454835
7.876041666666667
7.6652892561983474
8.341409691629956
7.883864337101747
8.125
7.426299045599151
7.143763213530655
6.373180873180873
6.5025641025641026
6.817610062893082
7.559174809989142
7.5875
7.880503144654088
8.256696428571429
8.488135593220338
9.040441176470589
7.508196721311475
7.871327254305978
8.467320261437909
8.905965621840243
9.852173913043478
9.543223052294557
9.031645569620252
7.860020140986908
7.250513347022587
7.6417004048583
8.834602829162133
9.41311475409836
9.620064034151547
9.780104712041885
9.107913669064748
8.55
8.523461939520333
8.067581837381203
8.28696604600219
7.5212765957446805
7.36980306345733
6.431983385254413
6.967105263157895
6.872579001019368
6.764961915125136
5.9958932238193015
6.989495798319328
6.153526970954357
6.8818737270875765
6.873716632443532
7.517423442449841
8.140350877192983
7.751693002257336
8.243392070484582
7.76464542651593
8.885624344176286
9.506493506493506
9.10295616717635
8.965732087227414
8.354938271604938
8.626506024096386
8.598562628336756
8.422564102564102
8.460985626283367
9.317226890756302
9.731111111111112
9.312151616499442
9.092436974789916
9.133547008547009
8.98896247240618
8.080203045685279
7.762004175365345
6.90282131661442
5.35751840168244
6.710580912863071
7.435978835978836
7.162718846549948
7.44932079414838
7.8120805369127515
7.299894403379092
7.193548387096774
7.116632860040568
6.890927624872579
8.079664570230609
8.809234507897935
8.694648478488983
8.451813471502591
8.43762781186094
8.964285714285714
9.301486199575372
8.637877211238294
9.255069370330844
9.593010146561443
9.646532438478747
9.456375838926174
8.713842975206612
9.035789473684211
9.271631982475355
8.242211055276382
8.913502109704641
9.451396648044692
9.434537246049661
8.26639344262295
8.263378803777545
7.817502668089648
7.283369803063457
7.29682702149437
8.11086717892426
8.385542168674698
8.15532994923858
8.63963963963964
8.359872611464969
8.182474226804123
8.071973827699018
7.462006079027356
8.064200217627857
8.258620689655173
8.84022346368715
8.222451081359424
7.788306451612903
9.027196652719665
9.27578947368421
9.165808444902163
9.844370860927153
9.826040554962647
9.81688596491228
9.853467561521253
9.296132596685084
9.20253164556962
9.077494692144374
8.555438225976769
8.922431865828091
9.29883843717001
9.581395348837209
9.3258547008547
9.140969162995594
8.003030303030304
8.150984682713348
7.533748701973001
8.639106145251397
9.195725534308211
8.901156677181914
9.012658227848101
8.84470094438615
8.697167755991286
8.463336875664186
8.216356107660456
8.550891920251836
9.061606160616062
9.162891046386193
8.796842105263158
8.2920892494929
9.481194690265486
9.381198347107437
9.619251336898396
9.820286659316428
9.219768664563617
8.719914802981895
9.275488069414317
8.247942386831276
8.648936170212766
8.850053937432579
8.136778115501519
8.636550308008214
9.40084835630965
9.087448559670781
9.696485623003195
9.431034482758621
9.193194291986828
8.787068004459309
7.551515151515152
8.965783664459162
9.318518518518518
8.799167533818938
9.169652265542677
8.83176593521421
8.286591606960082
8.94136460554371
9.22340425531915
9.161117078410312
9.05037513397642
9.743243243243244
9.946408209806158
9.48959474260679
9.952755905511811
9.419831223628693
9.408898305084746
9.202270381836945
8.61013443640124
8.757219251336899
9.145549738219895
8.79745493107105
8.907158836689039
8.43496357960458
8.568788501026694
9.252083333333333
10.100456621004566
9.910463861920173
10.449359720605354
10.342258440046566
9.721142857142857
9.356902356902356
8.447729672650475
9.556461001164145
9.988262910798122
10.033448673587081
10.089772727272727
9.6558516801854
8.849680170575693
9.610478359908884
10.08284023668639
10.301061007957559
9.452694610778444
9.62486828240253
10.509481668773704
10.436724565756824
9.856989247311828
9.436058700209644
9.225950782997764
9.66140776699029
9.132222222222222
9.225055432372505
9.352360043907794
9.202008928571429
8.66631130063966
9.051591657519209
9.095187165775402
10.069708491761723
10.868055555555555
11.012244897959183
10.800711743772242
10.542929292929292
9.219957081545065
9.130872483221477
8.589055793991417
9.795226130653266
10.037122969837586
10.107351225204201
9.953325554259044
9.8840206185567
8.824462061155153
9.478953356086462
10.433198380566802
10.247027741083222
6.7783350050150455
7.2112970711297075
6.4597107438016526
5.131394182547643
6.062047569803516
5.924924924924925
6.18894472361809
5.969939879759519
6.1605691056910565
4.957873620862588
5.055220883534137
6.247706422018348
6.883454734651405
7.080829015544041
7.149789029535865
6.6527918781725885
7.38508064516129
7.544132917964694
6.814024390243903
7.715625
7.90618556701031
7.044489383215369
6.6242299794661195
5.651
6.222334004024145
7.38042381432896
7.7936016511867905
7.197927461139896
6.631685166498486
7.087174348697395
7.085478887744594
6.3809024134312695
7.038105046343976
7.084093211752786
6.345691382765531
5.447895791583166
5.949899799599199
6.328657314629258
6.919354838709677
6.799
6.732394366197183
5.974974974974975
5.761088709677419
6.022335025380711
6.131131131131131
6.170707070707071
6.534603811434303
6.342685370741483
7.233466933867735
7.144433299899699
6.418418418418418
7.231781376518219
7.33366935483871
6.203
5.975
6.600201409869084
6.506
7.5777777777777775
7.4271255060728745
6.269
7.070281124497992
7.4397590361445785
6.763819095477387
7.149843912591051
6.0420841683366735
6.428
6.116
6.166166166166166
6.402217741935484
5.877
7.048241206030151
7.216733870967742
6.779
6.012133468149646
5.13013013013013
5.1332665330661325
5.262788365095286
4.774
5.988988988988989
6.715725806451613
7.399798590130916
7.229292929292929
6.125125125125125
6.605
7.21021021021021
7.1715438950555
6.627
7.508611955420466
7.704339051463169
7.894046417759839
7.267803410230692
7.164493480441324
7.426706827309237
7.166166166166166
7.369739478957916
7.220766129032258
6.99191102123357
6.523185483870968
5.342342342342342
6.324974924774323
6.641925777331996
6.555
7.134538152610442
6.682682682682683
5.882882882882883
5.439
4.725450901803607
4.057114228456914
5.0442211055276385
5.13467336683417
5.898185483870968
6.521521521521522
7.196177062374246
7.241935483870968
6.277
6.277555110220441
7.182002022244691
7.703219315895372
7.30060120240481
8.19939577039275
8.145307769929364
7.348348348348348
7.566265060240964
8.07358870967742
7.521042084168337
7.206412825651302
7.0
7.629929221435794
7.340579710144928
7.117766497461929
6.649494949494949
6.712712712712713
6.11623246492986
5.957
6.997997997997998
7.0605449041372355
6.369107321965898
5.583
5.466933867735471
5.320281124497992
5.433333333333334
4.6723446893787575
5.266
5.646
6.316316316316317
7.041164658634538
7.09201213346815
6.45045045045045
6.672
7.449698189134809
7.148
7.929
8.048096192384769
7.9684638860630725
7.53053053053053
8.182
8.108980827447024
7.618236472945892
7.89989888776542
7.362
6.585757271815447
6.93687374749499
7.1925025329280645
7.031376518218623
5.954773869346734
6.582573454913881
6.982931726907631
6.570707070707071
6.231462925851703
6.141708542713568
6.124623115577889
6.192384769539078
5.935
5.936936936936937
6.104
5.884
5.944612286002014
6.610887096774194
7.134207870837538
7.394736842105263
7.677093844601413
7.541164658634538
6.856425702811245
7.39859437751004
6.955
7.709255533199195
7.567540322580645
7.725529767911201
7.261
7.532064128256513
8.056565656565656
7.816872427983539
6.763763763763764
7.189516129032258
7.410642570281125
7.630784708249497
7.106962663975782
7.00808897876643
6.414414414414415
5.419
5.084168336673347
5.563563563563563
5.538
6.302302302302302
6.064
6.646107178968655
6.400801603206413
5.891783567134269
4.763
5.712136409227683
6.349748743718593
6.805
7.964717741935484
8.063063063063064
7.375
7.914486921529175
7.201
7.263636363636364
6.637284701114488
6.8092835519677095
6.479313824419778
6.264
7.2354124748490944
6.872598584428716
6.627648839556004
6.566700100300903
7.524048096192384
7.94572864321608
7.348790322580645
6.89859437751004
6.012
4.876876876876877
4.479
5.219
6.075681130171544
6.829120323559151
6.874
7.0551102204408815
6.354062186559679
5.899
5.461461461461462
5.35035035035035
6.239677744209466
6.645290581162325
7.8545454545454545
8.66969696969697
8.41051567239636
7.928786359077232
7.5005065856129685
6.521651560926485
5.2002002002002
5.803
5.44188376753507
6.1656626506024095
6.828801611278952
6.736153071500503
6.9394550958627645
7.263316582914573
7.68937875751503
8.068341708542713
7.365558912386707
6.702213279678069
5.823766364551863
4.764529058116232
3.455
4.977822580645161
5.931795386158475
6.706118355065196
7.485943775100401
7.718466195761857
6.811
6.523523523523523
6.408
6.297379032258065
5.942828485456369
6.47
7.335335335335335
8.47821681864235
8.636826042726348
7.763527054108216
7.530241935483871
6.4774774774774775
5.706237424547283
5.479438314944835
4.367367367367367
5.749498997995992
6.287287287287287
6.317635270541082
6.991967871485944
7.441532258064516
8.018090452261307
7.64493480441324
6.679718875502008
6.132397191574724
5.664994984954864
5.38391959798995
4.991967871485944
5.533066132264529
6.382382382382382
7.026130653266332
7.354124748490945
7.7585858585858585
6.716148445336008
6.690763052208835
6.643
6.83567134268537
6.298792756539235
7.1392785571142285
7.657314629258517
8.137274549098196
8.310030395136778
7.71830985915493
7.336
7.015015015015015
6.752275025278059
6.25050505050505
5.437875751503006
6.311359026369169
6.72462311557789
6.8843058350100605
6.869168356997972
6.405
7.355421686746988
7.617085427135678
7.049345417925478
5.963
4.736736736736737
5.690763052208835
5.931104356636271
6.319959879638917
6.85985985985986
6.916498993963783
7.37082066869301
7.3404040404040405
6.453
6.386773547094188
6.810975609756097
7.303733602421796
6.937
7.612121212121212
7.383534136546185
7.176056338028169
7.265861027190332
6.577
7.405622489959839
7.251256281407035
7.3003003003003
6.884769539078157
6.456016177957533
6.8142131979695435
6.732251521298174
6.484939759036145
7.611630321910695
7.353413654618474
7.527582748244734
7.882472137791287
7.012
6.807459677419355
5.969939879759519
6.4474474474474475
6.870967741935484
7.329292929292929
7.2765531062124245
7.2885771543086175
6.499498495486459
6.4939148073022315
5.766
5.622868605817453
5.967741935483871
6.536
7.17741935483871
7.377
6.768145161290323
6.548548548548548
6.322322322322322
6.349
7.177
7.635
7.310171198388721
6.782565130260521
6.255767301905717
6.736097067745197
6.102
5.333333333333333
7.555670103092783
7.117352056168506
6.65065065065065
7.298582995951417
7.286286286286287
7.574898785425101
7.037525354969574
6.703406813627255
7.19497487437186
7.772088353413655
7.614844533600802
6.964
6.357142857142857
5.548
4.784274193548387
4.361
4.788092835519677
5.545545545545545
6.239
6.490945674044266
5.505
5.782388663967612
5.363
6.1691691691691695
6.988966900702106
7.217871485943775
6.52952952952953
6.129388164493481
6.504
7.035
6.635635635635635
6.045180722891566
6.813319878910192
6.881168177240685
6.8214643931795385
6.588588588588588
7.488348530901723
7.998992950654582
7.62058526740666
7.440968718466196
6.940940940940941
7.47
7.197
6.1941941941941945
5.525731584258325
4.443887775551103
3.486
2.8547094188376754
3.442
4.474949899799599
5.42914979757085
5.925025329280649
5.053053053053053
4.973973973973974
4.78159757330637
5.574747474747475
6.519230769230769
6.904904904904905
7.221435793731041
7.261352169525732
7.405900305188199
7.851214574898785
7.446916076845298
6.6312625250501
5.5181818181818185
6.508577194752775
6.750252780586451
6.18
6.972972972972973
7.703741152679474
7.256770310932798
7.603206412825651
7.475951903807616
7.801801801801802
7.165146909827761
5.964788732394366
4.811
3.4894894894894897
2.209
1.0
2.162977867203219
3.415245737211635
4.417835671342686
5.458038422649141
5.054
4.701402805611222
3.5765765765765765
4.687687687687688
6.137826961770624
7.025201612903226
7.158793969849246
7.361
6.90990990990991
7.750503018108652
8.011122345803843
7.94558521560575
6.578947368421052
6.852525252525252
7.15539858728557
7.13030303030303
7.569709127382146
7.341341341341342
7.588116817724068
8.025125628140703
8.07979797979798
8.012133468149646
6.9157472417251755
5.651
4.446
2.8728728728728727
1.0
2.0
1.0
2.8514056224899598
4.259858442871588
5.4476861167002015
5.752774974772956
5.387550200803213
4.653653653653653
5.429
6.362725450901803
7.1997981836528755
6.933867735470942
7.47947947947948
7.719597989949749
7.14
7.733733733733733
8.286452947259566
6.852376137512639
6.5675675675675675
6.86372745490982
7.088799192734611
7.458966565349544
7.139253279515641
6.810431293881645
7.619718309859155
7.463463463463463
7.948640483383686
7.191532258064516
6.126379137412236
4.863543788187373
3.58074222668004
2.3003003003003
1.0
2.25
3.5120481927710845
4.510531594784353
5.753784056508577
6.346346346346347
6.227043390514631
5.62
5.8937875751503
6.576152304609218
7.224899598393574
7.2342342342342345
8.003021148036254
8.044354838709678
7.452905811623246
7.63063063063063
7.96751269035533
7.525987525987526
7.36105476673428
6.917
6.328986960882648
6.806841046277666
6.120361083249749
5.685
7.1816347124117055
7.572434607645875
8.01923076923077
7.430315361139369
6.667679837892604
5.607684529828109
4.535
3.4764764764764764
2.808660624370594
3.4899799599198396
4.406813627254509
4.942942942942943
6.228282828282828
7.0263691683569975
6.486486486486487
6.50501002004008
6.18
6.884732052578362
6.905
6.677
7.764292878635907
7.61608040201005
7.997975708502024
7.608826479438315
8.151950718685832
7.137055837563452
7.632426988922457
7.279116465863454
7.255297679112008
7.261261261261262
7.05241935483871
6.839518555667001
7.420260782347041
6.982982982982983
7.527805864509606
7.195586760280842
7.062689585439839
6.363269424823411
5.3997995991983965
4.7107107107107105
4.316950852557673
4.672672672672673
5.419354838709677
5.872
6.834
7.857142857142857
7.69331983805668
7.288
6.932932932932933
6.574574574574575
6.886639676113361
7.033099297893681
7.977911646586345
8.126262626262626
8.23915237134208
7.4579158316633265
7.446356275303644
7.14040404040404
7.75782038345106
7.657548125633232
7.367203219315895
7.589717741935484
7.078313253012048
7.442885771543086
7.328986960882648
6.466466466466467
6.944500504540867
6.512537612838516
7.007106598984771
6.432
6.268537074148297
5.370481927710843
5.493
5.733668341708543
5.989939637826962
6.658561296859169
7.59679037111334
8.064321608040201
7.858148893360161
7.319959879638917
6.9
6.175
5.988
6.869608826479438
7.649899396378269
7.46046046046046
7.841683366733467
7.701207243460765
7.937369519832985
7.646875
7.459919839679359
7.333670374115268
7.541414141414141
7.1392785571142285
7.144288577154309
7.46740220661986
7.469879518072289
7.155241935483871
6.781
6.648185483870968
7.17896865520728
7.056281407035176
6.896656534954407
5.9679037111334
6.246
5.92741935483871
5.305305305305305
6.188188188188188
7.347082494969819
7.734343434343434
6.816633266533066
6.588
6.723895582329317
6.532064128256513
6.670362903225806
6.366098294884654
6.976791120080726
6.308308308308308
7.2129162462159435
7.17286432160804
7.252837977296181
7.2408906882591095
7.110772357723577
6.272818455366099
7.407258064516129
7.577889447236181
7.846693386773547
7.848942598187311
6.88376753507014
6.734468937875752
6.381818181818182
5.897
6.687687687687688
7.557905337361531
7.184553660982949
6.9798183652875885
6.543346774193548
5.787787787787788
5.232160804020101
5.938
6.78234704112337
7.28028028028028
6.8681541582150105
6.05310621242485
5.772
6.012072434607646
6.512537612838516
6.192577733199599
6.8997995991983965
7.17907444668008
6.802802802802803
6.682682682682683
5.907
6.465931863727455
6.956913827655311
6.813508064516129
7.55959595959596
7.777777777777778
8.324570273003033
7.870967741935484
6.986895161290323
6.065130260521042
5.541541541541542
6.22022022022022
7.269153225806452
8.162462159434915
7.911735205616851
7.212121212121212
6.264321608040201
5.112008072653885
4.158
5.470824949698189
6.4147325933400605
6.814401622718052
6.279635258358662
5.335335335335335
4.625
4.972699696663296
5.907537688442211
6.554655870445344
7.06006006006006
7.571572580645161
7.170511534603811
6.865055387713998
5.831831831831832
6.364185110663984
6.618567103935419
6.194
7.360242179616549
8.163306451612904
7.845691382765531
7.285857572718155
6.67035175879397
5.831663326653307
6.086172344689379
6.84460141271443
7.751765893037336
8.436234817813766
8.21774193548387
7.205410821643286
5.9738430583501
4.626
5.125376128385155
5.890132248219736
6.071285140562249
6.3262626262626265
5.617943548387097
4.5675675675675675
3.143
3.67570281124498
5.082494969818914
5.962739174219537
6.243243243243243
6.836180904522613
7.099198396793587
6.707707707707708
6.997975708502024
5.0594159113796575
5.831
6.569
7.132
8.12335692618807
8.001012145748987
7.124874118831823
6.0845921450151055
4.728728728728728
5.663991975927783
6.677710843373494
7.530591775325978
8.242147922998987
8.047236180904523
7.342424242424243
6.158634538152611
5.653961885656971
5.688688688688688
6.386478304742684
5.92992992992993
5.947791164658635
5.293
4.917753259779338
4.357788944723618
4.555555555555555
4.736472945891784
5.442424242424242
5.342342342342342
5.890781563126253
6.1792547834843905
6.686612576064909
7.198142414860681
5.253266331658291
5.996
6.426113360323886
7.182
8.072948328267477
7.621105527638191
6.816
5.876
5.18018018018018
5.665
6.868554095045501
7.46619576185671
7.6853707414829655
7.954819277108434
7.2
6.313627254509018
6.469
6.207207207207207
6.22713567839196
5.355
5.162977867203219
4.414414414414415
4.863041289023162
4.898
4.795362903225806
3.992
4.819458375125376
4.166166166166166
5.046
4.94
5.64321608040201
6.246
5.308704453441296
5.943377148634985
5.484484484484485
6.798
7.6296670030272455
7.367735470941883
7.109
6.623
6.598196392785571
6.736472945891784
6.806806806806807
6.74749498997996
7.549
8.228426395939087
7.55668016194332
7.219879518072289
7.166499498495487
6.880808080808081
5.942885771543086
5.509528585757272
4.6656626506024095
3.443
4.6006006006006
5.18937875751503
5.039
5.247743229689068
5.619959677419355
5.312248995983936
5.472
5.442
5.053
6.137137137137137
6.236326109391125
6.545545545545545
6.453453453453453
6.624
7.071
7.292292292292292
6.545090180360721
7.08643216080402
7.450960566228513
7.640120967741935
7.732862903225806
6.949849548645938
7.467
7.537373737373738
6.505
7.293
7.804060913705584
7.484327603640041
6.381381381381382
6.070140280561122
5.460921843687375
4.951515151515151
5.134268537074148
5.962588473205257
6.157360406091371
6.227
6.619859578736208
6.290452261306533
6.472
6.387096774193548
5.629
6.089068825910931
5.960446247464503
6.788519637462236
6.56056056056056
6.2
7.268537074148297
7.209418837675351
7.185185185185185
7.863636363636363
7.600802407221665
7.52327935222672
7.752016129032258
7.311359026369169
7.460301507537689
6.992978936810431
6.472417251755266
7.016064257028113
7.375751503006012
7.653961885656971
7.469408224674022
6.816532258064516
5.878
5.818731117824774
5.635270541082164
6.591691995947315
7.076690211907165
6.937937937937938
7.289869608826479
7.035035035035035
7.074036511156186
6.861861861861862
6.441
6.748
6.808510638297872
7.193386773547094
7.097291875626881
6.581
7.5983854692230075
7.278
7.8214643931795385
7.854692230070635
6.952952952952953
6.316316316316317
6.97979797979798
6.184738955823293
6.623246492985972
6.748230535894844
6.051051051051051
6.875875875875876
7.421
6.972972972972973
7.698189134808853
7.261306532663316
6.858148893360161
6.292806484295846
5.489
6.671385237613752
7.1783567134268536
6.766766766766767
7.357715430861724
6.753
6.323
7.137274549098197
7.457372116349047
7.331331331331332
6.602204408817635
7.540785498489426
8.0
7.721163490471414
8.11681772406848
7.438877755511022
7.50501002004008
7.394394394394395
6.592592592592593
6.675
7.309619238476954
7.043
7.024096385542169
6.49147442326981
6.922
7.587587587587588
8.312815338042382
7.9212916246215945
8.513157894736842
8.087487283825025
7.308467741935484
6.643794147325933
5.801603206412826
7.008097165991903
7.703219315895372
7.800405268490375
8.117408906882591
7.651821862348178
6.895582329317269
7.756565656565656
8.343465045592705
8.282608695652174
7.136550308008213
7.650300601202405
8.651041666666666
8.696373056994819
8.064386317907445
7.625502008032129
7.118712273641851
7.774127310061601
7.369215291750503
7.41372351160444
7.3478260869565215
7.442871587462083
6.806
7.187689202825429
7.290581162324649
8.4581589958159
9.201882845188285
9.097382198952879
8.793634496919918
8.341261633919338
7.052366565961732
6.826961770623742
6.156941649899396
7.3353909465020575
7.762386248736097
7.821862348178137
7.921508664627931
7.872670807453416
6.786585365853658
7.406313645621181
8.332644628099173
8.108108108108109
