0.0
0.0
0.0
0.0
0.0
0.0
0.0
0.0
0.0
0.0
0.0
0.0
0.0
0.0
0.0
0.0
0.0
0.0
0.0
0.0
0.0
0.0
0.0
0.0
0.0
0.0
0.0
0.0
0.0
0.0
0.0
0.0
0.0
0.0
0.0
0.0
0.0
0.0
0.0
0.0
0.0
0.0
0.0
0.0
0.0
0.0
0.0
0.0
0.0
0.0
0.0
0.0
0.0
0.0
0.0
0.0
0.0
0.0
0.0
0.0
0.0
0.0
0.0
0.0
0.0
0.0
0.0
0.0
0.0
0.0
0.0
0.0
0.0
0.0
0.0
0.0
0.0
0.0
0.0
0.0
0.0
0.0
0.0
0.0
0.0
0.0
0.0
0.0
0.0
0.0
0.0
0.0
0.0
0.0
0.0
0.0
0.0
0.0
0.0
0.0
0.0
0.0
0.0
0.0
0.0
0.0
0.0
0.0
0.0
0.0
0.0
0.0
0.0
0.0
0.0
0.0
0.0
0.0
0.0
0.0
0.0
0.0
0.0
0.0
0.0
0.0
0.0
0.0
0.0
0.0
0.0
0.0
0.0
0.0
0.0
0.0
0.0
0.0
0.0
0.0
0.0
0.0
0.0
0.0
0.0
0.0
0.0
0.0
0.0
0.0
0.0
0.0
0.0
0.0
0.0
0.0
0.0
0.0
0.0
0.0
0.0
0.0
0.0
0.0
0.0
0.0
0.0
0.0
0.0
0.0
0.0
0.0
0.0
0.0
0.0
0.0
0.0
0.0
0.0
0.0
0.0
0.0
0.0
0.0
0.0
0.0
0.0
0.0
0.0
0.0
0.0
0.0
0.0
0.0
0.0
0.0
0.0
0.0
0.0
0.0
0.0
0.0
0.0
0.0
0.0
0.0
0.0
0.0
0.0
0.0
0.0
0.0
0.0
0.0
0.0
0.0
0.0
0.0
0.0
0.0
0.0
0.0
0.0
0.0
0.0
0.0
0.0
0.0
0.0
0.0
0.0
0.0
0.0
0.0
0.0
0.0
0.0
0.0
0.0
0.0
0.0
0.0
0.0
0.0
0.0
0.0
0.0
0.0
0.0
0.0
0.0
0.0
0.0
0.0
0.0
0.0
0.0
0.0
0.0
0.0
0.0
0.0
0.0
0.0
0.0
0.0
0.0
0.0
0.0
0.0
0.0
0.0
0.0
0.0
0.0
0.0
0.0
0.0
0.0
0.0
0.0
0.0
0.0
0.0
0.0
0.0
0.0
0.0
0.0
0.0
0.0
0.0
0.0
0.0
0.0
0.0
0.0
0.0
0.0
0.0
0.0
0.0
0.0
0.0
0.0
0.0
0.0
0.0
0.0
0.0
0.0
0.0
0.0
0.0
0.0
0.0
0.0
0.0
0.0
0.0
0.0
0.0
0.0
0.0
0.0
0.0
0.0
0.0
0.0
0.0
0.0
0.0
0.0
0.0
0.0
0.001
0.001
0.0
0.0
0.0
0.0
0.0
0.0
0.0
0.0
0.0
0.0
0.0
0.0
0.0
0.0
0.0
0.0
0.0
0.0
0.0
0.0
0.0
0.0
0.0
0.0
0.0
0.0
0.0
0.0
0.0
0.002
0.003
0.001
0.0
0.0
0.0
0.0
0.0
0.0
0.0
0.0
0.0
0.0
0.0
0.0
0.0
0.0
0.0
0.0
0.0
0.0
0.0
0.0
0.0
0.0
0.0
0.0
0.0
0.0
0.0
0.0
0.002
0.004
0.014
0.003
0.001
0.0
0.0
0.0
0.0
0.0
0.0
0.0
0.0
0.0
0.0
0.0
0.0
0.0
0.0
0.0
0.0
0.0
0.0
0.0
0.0
0.0
0.0
0.0
0.0
0.0
0.0
0.001
0.009
0.036
0.104
0.038
0.008
0.001
0.0
0.0
0.0
0.0
0.0
0.0
0.0
0.0
0.0
0.0
0.0
0.0
0.0
0.0
0.0
0.0
0.0
0.0
0.0
0.0
0.0
0.0
0.0
0.0
0.0
0.002
0.038
0.201
1.0
0.182
0.028
0.006
0.0
0.0
0.0
0.0
0.0
0.0
0.0
0.0
0.0
0.0
0.0
0.0
0.0
0.0
0.0
0.0
0.0
0.0
0.0
0.0
0.0
0.0
0.0
0.0
0.0
0.011
0.109
1.0
0.35
1.0
0.112
0.01
0.0
0.0
0.0
0.0
0.0
0.0
0.0
0.0
0.0
0.0
0.0
0.0
0.0
0.0
0.0
0.0
0.0
0.0
0.0
0.0
0.0
0.0
0.0
0.0
0.001
0.005
0.029
0.184
1.0
0.189
0.033
0.003
0.0
0.0
0.0
0.0
0.0
0.0
0.0
0.0
0.0
0.0
0.0
0.0
0.0
0.0
0.0
0.0
0.0
0.0
0.0
0.0
0.0
0.0
0.0
0.0
0.001
0.001
0.006
0.023
0.107
0.023
0.008
0.001
0.0
0.0
0.0
0.0
0.0
0.0
0.0
0.0
0.0
0.0
0.0
0.0
0.0
0.0
0.0
0.0
0.0
0.0
0.0
0.0
0.0
0.0
0.0
0.0
0.0
0.0
0.0
0.003
0.014
0.003
0.002
0.002
0.0
0.0
0.0
0.0
0.0
0.0
0.0
0.0
0.0
0.0
0.0
0.0
0.0
0.0
0.0
0.0
0.0
0.0
0.0
0.0
0.0
0.0
0.0
0.0
0.0
0.0
0.0
0.001
0.002
0.0
0.0
0.001
0.0
0.0
0.0
0.0
0.0
0.0
0.0
0.0
0.0
0.0
0.0
0.0
0.0
0.0
0.0
0.0
0.0
0.0
0.0
0.0
0.0
0.0
0.0
0.0
0.0
0.0
0.0
0.0
0.001
0.0
0.0
0.0
0.0
0.0
0.0
0.0
0.0
0.0
0.0
0.0
0.0
0.0
0.0
0.0
0.0
0.0
0.0
0.0
0.0
0.0
0.0
0.0
0.0
0.0
0.0
0.0
0.0
0.0
0.0
0.0
0.0
0.0
0.0
0.0
0.0
0.0
0.0
0.0
0.0
0.0
0.0
0.0
0.0
0.0
0.0
0.0
0.0
0.0
0.0
0.0
0.0
0.0
0.0
0.0
0.0
0.0
0.0
0.0
0.0
0.0
0.0
0.0
0.0
0.0
0.0
0.0
0.0
0.0
0.0
0.0
0.0
0.0
0.0
0.0
0.0
0.0
0.0
0.0
0.0
0.0
0.0
0.0
0.0
0.0
0.0
0.0
0.0
0.0
0.0
0.0
0.0
0.0
0.0
0.0
0.0
0.0
0.0
0.0
0.0
0.0
0.0
0.0
0.0
0.0
0.0
0.0
0.0
0.0
0.0
0.0
0.0
0.0
0.0
0.0
0.0
0.0
0.0
0.0
0.0
0.0
0.0
0.0
0.0
0.0
0.0
0.0
0.0
0.0
0.0
0.0
0.0
0.0
0.0
0.0
0.0
0.0
0.0
0.0
0.0
0.0
0.0
0.0
0.0
0.0
0.0
0.0
0.0
0.0
0.0
0.0
0.0
0.0
0.0
0.0
0.0
0.0
0.0
0.0
0.0
0.0
0.0
0.0
0.0
0.0
0.0
0.0
0.0
0.0
0.0
0.0
0.0
0.0
0.0
0.0
0.0
0.0
0.0
0.0
0.0
0.0
0.0
0.0
0.0
0.0
0.0
0.0
0.0
0.0
0.0
0.0
0.0
0.0
0.0
0.0
0.0
0.0
0.0
0.0
0.0
0.0
0.0
0.0
0.0
0.0
0.0
0.0
0.0
0.0
0.0
0.0
0.0
0.0
0.0
0.0
0.0
0.0
0.0
0.0
0.0
0.0
0.0
0.0
0.0
0.0
0.0
0.0
0.0
0.0
0.0
0.0
0.0
0.0
0.0
0.0
0.0
0.0
0.0
0.0
0.0
0.0
0.0
0.0
0.0
0.0
0.0
0.0
0.0
0.0
0.0
0.0
0.0
0.0
0.0
0.0
0.0
0.0
0.0
0.0
0.0
0.0
0.0
0.0
0.0
0.0
0.0
0.0
0.0
0.0
0.0
0.0
0.0
0.0
0.0
0.0
0.0
0.0
0.0
0.0
0.0
0.0
0.0
0.0
0.0
0.0
0.0
0.0
0.0
0.0
0.0
0.0
0.0
0.0
0.0
0.0
0.0
0.0
0.0
0.0
0.0
0.0
0.0
0.0
0.0
0.0
0.0
0.0
0.0
0.0
0.0
0.0
0.0
0.0
0.0
0.0
0.0
0.0
0.0
0.0
0.0
0.0
0.0
0.0
0.0
0.0
0.0
0.0
0.0
0.0
0.0
0.0
0.0
0.0
0.0
0.0
0.0
0.0
0.0
0.0
0.0
0.0
0.0
0.0
0.0
0.0
0.0
0.0
0.0
0.0
0.0
0.0
0.0
0.0
0.0
0.0
0.0
0.0
0.0
0.0
0.0
0.0
0.0
0.0
0.0
0.0
0.0
0.0
0.0
0.0
0.0
0.0
0.0
0.0
0.0
0.0
0.0
0.0
0.0
0.0
0.0
0.0
0.0
0.0
0.0
0.0
0.0
0.001
0.0
0.0
0.0
0.001
0.001
0.001
0.0
0.0
0.0
0.0
0.0
0.0
0.0
0.0
0.0
0.0
0.0
0.0
0.0
0.0
0.0
0.0
0.0
0.0
0.0
0.0
0.0
0.0
0.0
0.0
0.0
0.001
0.001
0.001
0.001
0.001
0.0
0.0
0.0
0.0
0.0
0.0
0.0
0.0
0.0
0.0
0.0
0.0
0.0
0.0
0.0
0.0
0.0
0.0
0.0
0.0
0.0
0.0
0.0
0.0
0.0
0.0
0.0
0.001
0.0
0.001
0.001
0.001
0.0
0.0
0.0
0.0
0.0
0.0
0.0
0.0
0.0
0.0
0.0
0.0
0.0
0.0
0.0
0.0
0.0
0.0
0.0
0.0
0.0
0.0
0.0
0.0
0.0
0.0
0.0
0.001
0.001
0.002
0.001
0.0
0.0
0.0
0.0
0.0
0.0
0.0
0.0
0.0
0.0
0.0
0.0
0.0
0.0
0.0
0.0
0.0
0.0
0.0
0.0
0.0
0.0
0.0
0.001
0.002
0.002
0.0
0.0
0.002
0.001
0.001
0.001
0.0
0.0
0.0
0.0
0.0
0.0
0.0
0.0
0.0
0.0
0.0
0.0
0.0
0.0
0.001
0.001
0.0
0.0
0.0
0.0
0.0
0.001
0.0
0.003
0.003
0.004
0.002
0.003
0.002
0.001
0.001
0.001
0.001
0.0
0.0
0.0
0.0
0.0
0.0
0.0
0.0
0.0
0.0
0.0
0.0
0.0
0.001
0.001
0.0
0.0
0.0
0.0
0.0
0.001
0.004
0.002
0.002
0.004
0.002
0.003
0.003
0.001
0.001
0.001
0.001
0.001
0.0
0.0
0.0
0.0
0.0
0.0
0.0
0.0
0.0
0.0
0.0
0.0
0.001
0.002
0.002
0.002
0.002
0.002
0.001
0.002
0.005
0.006
0.008
0.006
0.004
0.005
0.002
0.001
0.002
0.0
0.001
0.001
0.0
0.0
0.0
0.0
0.0
0.0
0.0
0.0
0.0
0.0
0.0
0.0
0.0
0.002
0.002
0.001
0.002
0.003
0.003
0.003
0.009
0.014
0.014
0.008
0.009
0.011
0.004
0.003
0.004
0.002
0.001
0.0
0.0
0.0
0.0
0.0
0.0
0.0
0.0
0.0
0.0
0.0
0.0
0.0
0.0
0.0
0.001
0.002
0.005
0.006
0.004
0.009
0.013
0.016
0.016
0.013
0.015
0.016
0.016
0.01
0.005
0.002
0.002
0.001
0.001
0.0
0.0
0.0
0.0
0.0
0.0
0.0
0.0
0.0
0.0
0.0
0.0
0.0
0.0
0.001
0.006
0.01
0.007
0.014
0.019
0.028
0.034
0.033
0.027
0.021
0.016
0.012
0.005
0.004
0.002
0.002
0.001
0.0
0.0
0.0
0.0
0.0
0.0
0.0
0.0
0.0
0.0
0.0
0.0
0.0
0.0
0.003
0.004
0.008
0.009
0.021
0.037
0.051
0.066
0.066
0.054
0.047
0.03
0.017
0.012
0.005
0.003
0.001
0.0
0.0
0.0
0.0
0.0
0.0
0.0
0.0
0.0
0.0
0.0
0.0
0.0
0.001
0.001
0.004
0.004
0.01
0.018
0.037
0.052
0.092
0.137
0.155
0.106
0.091
0.06
0.025
0.014
0.007
0.004
0.001
0.0
0.001
0.001
0.001
0.0
0.0
0.0
0.0
0.0
0.0
0.0
0.0
0.001
0.002
0.002
0.006
0.009
0.016
0.026
0.055
0.094
0.162
0.254
0.34
0.24
0.154
0.105
0.052
0.019
0.008
0.005
0.002
0.001
0.001
0.001
0.0
0.0
0.0
0.0
0.0
0.0
0.0
0.001
0.001
0.001
0.003
0.005
0.007
0.007
0.012
0.026
0.063
0.145
0.28
0.548
1.0
0.517
0.26
0.139
0.062
0.026
0.012
0.004
0.002
0.001
0.001
0.0
0.0
0.0
0.0
0.0
0.0
0.0
0.0
0.001
0.001
0.001
0.002
0.003
0.006
0.007
0.015
0.036
0.067
0.174
0.385
1.0
0.778
1.0
0.387
0.156
0.069
0.026
0.009
0.003
0.002
0.0
0.001
0.001
0.0
0.0
0.0
0.0
0.0
0.0
0.0
0.001
0.001
0.0
0.002
0.003
0.003
0.005
0.017
0.03
0.055
0.127
0.264
0.549
1.0
0.552
0.28
0.146
0.069
0.027
0.009
0.007
0.003
0.001
0.0
0.0
0.0
0.0
0.0
0.0
0.0
0.0
0.0
0.0
0.0
0.0
0.0
0.002
0.004
0.004
0.012
0.028
0.048
0.089
0.159
0.253
0.374
0.271
0.18
0.099
0.051
0.02
0.011
0.008
0.002
0.001
0.001
0.001
0.001
0.0
0.0
0.0
0.0
0.0
0.0
0.0
0.0
0.0
0.0
0.001
0.004
0.004
0.007
0.016
0.029
0.053
0.09
0.118
0.149
0.125
0.096
0.052
0.034
0.016
0.006
0.007
0.005
0.001
0.002
0.001
0.001
0.0
0.0
0.0
0.0
0.0
0.0
0.0
0.0
0.0
0.0
0.001
0.005
0.003
0.006
0.013
0.02
0.025
0.036
0.057
0.065
0.067
0.051
0.031
0.021
0.011
0.008
0.005
0.002
0.001
0.001
0.001
0.0
0.001
0.0
0.0
0.0
0.0
0.0
0.0
0.0
0.0
0.0
0.0
0.0
0.0
0.005
0.007
0.012
0.018
0.018
0.027
0.029
0.033
0.027
0.017
0.012
0.007
0.006
0.002
0.002
0.001
0.001
0.001
0.001
0.001
0.001
0.0
0.0
0.0
0.0
0.0
0.0
0.0
0.0
0.0
0.0
0.0
0.002
0.002
0.005
0.005
0.006
0.01
0.011
0.013
0.012
0.006
0.003
0.002
0.003
0.002
0.001
0.001
0.001
0.001
0.001
0.0
0.001
0.0
0.0
0.0
0.0
0.0
0.0
0.0
0.0
0.0
0.001
0.001
0.001
0.002
0.001
0.003
0.004
0.007
0.007
0.007
0.002
0.004
0.002
0.003
0.001
0.001
0.001
0.001
0.001
0.001
0.001
0.001
0.0
0.0
0.0
0.0
0.0
0.0
0.0
0.0
0.0
0.0
0.0
0.0
0.001
0.002
0.002
0.001
0.002
0.003
0.003
0.004
0.0
0.002
0.001
0.001
0.0
0.001
0.0
0.0
0.0
0.0
0.0
0.0
0.0
0.0
0.0
0.0
0.0
0.0
0.0
0.0
0.0
0.0
0.0
0.0
0.0
0.001
0.001
0.0
0.001
0.001
0.001
0.002
0.0
0.002
0.001
0.0
0.0
0.0
0.0
0.0
0.0
0.0
0.0
0.0
0.0
0.0
0.0
0.0
0.0
0.0
0.0
0.0
0.0
0.0
0.0
0.0
0.0
0.001
0.001
0.0
0.001
0.001
0.001
0.001
0.0
0.001
0.001
0.0
0.0
0.0
0.0
0.0
0.0
0.0
0.0
0.0
0.0
0.0
0.0
0.0
0.0
0.0
0.0
0.0
0.0
0.0
0.0
0.0
0.0
0.0
0.0
0.0
0.0
0.001
0.0
0.001
0.0
0.0
0.0
0.0
0.0
0.0
0.0
0.0
0.0
0.0
0.0
0.0
0.0
0.0
0.0
0.0
0.0
0.0
0.0
0.0
0.0
0.0
0.0
0.0
0.0
0.0
0.0
0.0
0.0
0.0
0.0
0.0
0.0
0.0
0.0
0.0
0.0
0.0
0.0
0.0
0.0
0.0
0.0
0.0
0.0
0.0
0.0
0.0
0.0
0.0
0.0
0.0
0.0
0.0
0.0
0.0
0.0
0.0
0.0
0.0
0.0
0.0
0.0
0.0
0.0
0.0
0.0
0.0
0.0
0.0
0.0
0.0
0.0
0.0
0.0
0.0
0.0
0.0
0.0
0.0
0.0
0.0
0.0
0.0
0.0
0.0
0.0
0.0
0.0
0.0
0.0
0.0
0.0
0.0
0.0
0.0
0.0
0.0
0.0
0.0
0.0
0.0
0.0
0.0
0.0
0.0
0.0
0.0
0.0
0.0
0.0
0.0
0.0
0.0
0.0
0.0
0.0
0.0
0.0
0.0
0.0
0.0
0.0
0.0
0.0
0.0
0.0
0.0
0.0
0.0
0.0
0.0
0.0
0.0
0.0
0.0
0.0
0.0
0.0
0.0
0.0
0.0
0.0
0.0
0.0
0.0
0.0
0.0
0.0
0.0
0.0
0.0
0.0
0.0
0.0
0.0
0.0
0.0
0.0
0.0
0.0
0.0
0.0
0.0
0.0
0.0
0.0
0.0
0.0
0.0
0.0
0.0
0.0
0.0
0.0
0.12
0.154
0.184
0.203
0.222
0.25
0.262
0.263
0.265
0.252
0.265
0.276
0.284
0.292
0.291
0.293
0.299
0.305
0.292
0.293
0.278
0.28
0.245
0.23
0.23
0.214
0.216
0.196
0.182
0.17
0.141
0.097
0.166
0.19
0.236
0.255
0.275
0.294
0.312
0.311
0.319
0.325
0.329
0.343
0.354
0.367
0.364
0.365
0.354
0.366
0.363
0.347
0.334
0.33
0.319
0.305
0.292
0.273
0.267
0.248
0.227
0.215
0.179
0.125
0.188
0.22
0.254
0.275
0.303
0.32
0.343
0.349
0.354
0.367
0.373
0.395
0.406
0.416
0.415
0.393
0.383
0.408
0.402
0.375
0.365
0.359
0.355
0.348
0.333
0.312
0.3
0.295
0.261
0.245
0.213
0.172
0.203
0.251
0.273
0.299
0.308
0.339
0.35
0.377
0.375
0.399
0.409
0.426
0.448
0.448
0.429
0.424
0.424
0.423
0.409
0.403
0.408
0.383
0.373
0.382
0.361
0.343
0.339
0.31
0.294
0.269
0.247
0.187
0.212
0.261
0.282
0.312
0.336
0.354
0.37
0.391
0.392
0.396
0.417
0.425
0.462
0.453
0.458
0.453
0.455
0.441
0.446
0.447
0.429
0.407
0.397
0.383
0.377
0.367
0.359
0.333
0.309
0.275
0.252
0.205
0.238
0.277
0.312
0.338
0.353
0.379
0.397
0.413
0.416
0.417
0.44
0.451
0.465
0.48
0.483
0.483
0.48
0.489
0.487
0.482
0.452
0.453
0.41
0.414
0.4
0.391
0.372
0.361
0.336
0.301
0.268
0.202
0.228
0.293
0.339
0.36
0.372
0.384
0.405
0.424
0.443
0.455
0.473
0.491
0.492
0.501
0.507
0.501
0.507
0.498
0.487
0.506
0.48
0.466
0.434
0.42
0.408
0.396
0.39
0.366
0.346
0.31
0.28
0.211
0.233
0.302
0.341
0.385
0.407
0.423
0.442
0.459
0.462
0.477
0.502
0.5
0.516
0.507
0.547
0.544
0.549
0.539
0.521
0.538
0.508
0.48
0.451
0.439
0.428
0.414
0.397
0.386
0.346
0.325
0.294
0.219
0.262
0.318
0.354
0.384
0.405
0.429
0.464
0.479
0.489
0.515
0.523
0.526
0.565
0.581
0.584
0.572
0.584
0.572
0.562
0.566
0.55
0.524
0.474
0.473
0.465
0.438
0.405
0.382
0.348
0.329
0.293
0.232
0.272
0.328
0.368
0.402
0.429
0.456
0.47
0.475
0.504
0.538
0.538
0.558
0.574
0.598
0.6
0.6
0.597
0.608
0.608
0.562
0.537
0.531
0.499
0.48
0.453
0.438
0.413
0.392
0.356
0.334
0.291
0.242
0.267
0.344
0.371
0.412
0.436
0.462
0.482
0.505
0.526
0.549
0.574
0.573
0.611
0.652
0.638
0.638
0.636
0.64
0.634
0.587
0.564
0.536
0.515
0.49
0.494
0.453
0.431
0.401
0.383
0.34
0.292
0.249
0.266
0.341
0.372
0.412
0.45
0.492
0.49
0.521
0.541
0.559
0.595
0.604
0.624
0.651
0.686
0.668
0.673
0.672
0.654
0.62
0.595
0.551
0.527
0.504
0.479
0.462
0.446
0.42
0.393
0.347
0.304
0.265
0.275
0.346
0.374
0.414
0.46
0.491
0.505
0.532
0.575
0.586
0.625
0.633
0.682
0.691
0.729
0.72
0.735
0.723
0.678
0.637
0.606
0.561
0.529
0.498
0.484
0.464
0.442
0.423
0.395
0.371
0.335
0.271
0.285
0.36
0.404
0.425
0.449
0.486
0.527
0.56
0.59
0.624
0.65
0.67
0.724
0.755
0.779
0.821
0.798
0.757
0.695
0.653
0.611
0.578
0.529
0.504
0.492
0.481
0.452
0.421
0.397
0.372
0.332
0.276
0.298
0.357
0.405
0.429
0.468
0.505
0.538
0.576
0.59
0.599
0.636
0.694
0.737
0.788
0.878
1.0
0.86
0.786
0.723
0.654
0.621
0.59
0.533
0.516
0.495
0.466
0.449
0.442
0.396
0.368
0.337
0.272
0.286
0.367
0.431
0.443
0.474
0.509
0.534
0.564
0.592
0.607
0.644
0.698
0.756
0.833
1.0
0.944
1.0
0.824
0.731
0.668
0.618
0.573
0.525
0.512
0.488
0.473
0.463
0.446
0.409
0.382
0.343
0.291
0.306
0.373
0.425
0.464
0.474
0.507
0.514
0.565
0.583
0.603
0.639
0.683
0.737
0.795
0.873
1.0
0.877
0.783
0.703
0.655
0.625
0.568
0.528
0.522
0.488
0.474
0.473
0.449
0.413
0.394
0.346
0.294
0.285
0.358
0.407
0.446
0.472
0.502
0.528
0.564
0.581
0.608
0.615
0.652
0.693
0.72
0.755
0.8
0.775
0.735
0.68
0.642
0.614
0.575
0.545
0.516
0.492
0.482
0.46
0.44
0.407
0.379
0.349
0.27
0.293
0.35
0.389
0.427
0.472
0.503
0.517
0.536
0.571
0.599
0.597
0.615
0.647
0.672
0.699
0.703
0.709
0.692
0.656
0.615
0.587
0.573
0.533
0.521
0.49
0.476
0.454
0.423
0.402
0.363
0.337
0.27
0.299
0.346
0.38
0.431
0.452
0.477
0.507
0.527
0.543
0.572
0.578
0.596
0.63
0.629
0.661
0.661
0.658
0.656
0.632
0.604
0.579
0.557
0.517
0.484
0.486
0.463
0.446
0.42
0.389
0.357
0.328
0.256
0.287
0.345
0.38
0.416
0.452
0.487
0.506
0.497
0.515
0.534
0.558
0.574
0.596
0.599
0.626
0.621
0.608
0.601
0.587
0.574
0.551
0.524
0.512
0.5
0.47
0.45
0.436
0.407
0.371
0.345
0.317
0.249
0.287
0.336
0.371
0.407
0.425
0.45
0.461
0.479
0.495
0.499
0.531
0.544
0.557
0.581
0.574
0.586
0.573
0.565
0.554
0.552
0.531
0.486
0.488
0.483
0.454
0.446
0.405
0.396
0.376
0.348
0.306
0.256
0.264
0.314
0.363
0.396
0.428
0.448
0.449
0.465
0.484
0.503
0.516
0.508
0.519
0.534
0.56
0.559
0.552
0.554
0.519
0.517
0.498
0.49
0.497
0.474
0.446
0.403
0.387
0.383
0.358
0.338
0.306
0.242
0.26
0.316
0.348
0.377
0.416
0.438
0.444
0.459
0.469
0.48
0.502
0.504
0.5
0.507
0.522
0.54
0.521
0.539
0.511
0.495
0.491
0.469
0.468
0.451
0.41
0.396
0.378
0.359
0.337
0.32
0.291
0.24
0.245
0.295
0.34
0.371
0.403
0.417
0.434
0.462
0.446
0.461
0.483
0.487
0.494
0.493
0.5
0.511
0.497
0.486
0.505
0.48
0.479
0.445
0.435
0.433
0.411
0.405
0.365
0.346
0.333
0.313
0.291
0.22
0.238
0.286
0.34
0.357
0.387
0.403
0.425
0.447
0.44
0.441
0.461
0.462
0.475
0.49
0.487
0.499
0.494
0.471
0.484
0.463
0.452
0.437
0.433
0.423
0.402
0.39
0.36
0.34
0.312
0.308
0.277
0.242
0.236
0.276
0.32
0.356
0.358
0.386
0.401
0.419
0.43
0.418
0.436
0.438
0.463
0.462
0.478
0.463
0.467
0.449
0.446
0.445
0.436
0.432
0.429
0.409
0.383
0.359
0.338
0.311
0.295
0.273
0.258
0.214
0.218
0.269
0.298
0.326
0.347
0.365
0.393
0.402
0.414
0.407
0.414
0.424
0.426
0.448
0.452
0.445
0.428
0.429
0.427
0.408
0.421
0.426
0.393
0.369
0.353
0.32
0.306
0.302
0.285
0.263
0.236
0.182
0.201
0.253
0.28
0.299
0.333
0.347
0.359
0.372
0.39
0.4
0.394
0.405
0.413
0.427
0.422
0.414
0.397
0.402
0.391
0.381
0.386
0.37
0.365
0.347
0.335
0.308
0.296
0.273
0.258
0.238
0.213
0.182
0.195
0.236
0.259
0.272
0.292
0.322
0.344
0.339
0.367
0.376
0.382
0.374
0.388
0.388
0.387
0.39
0.373
0.365
0.363
0.347
0.356
0.342
0.343
0.336
0.304
0.288
0.263
0.255
0.234
0.218
0.197
0.159
0.156
0.196
0.224
0.246
0.256
0.284
0.275
0.297
0.318
0.327
0.338
0.348
0.37
0.348
0.351
0.364
0.341
0.34
0.334
0.321
0.311
0.302
0.292
0.292
0.283
0.257
0.231
0.219
0.211
0.196
0.165
0.129
0.121
0.16
0.182
0.195
0.215
0.237
0.242
0.237
0.262
0.28
0.292
0.311
0.305
0.29
0.299
0.294
0.277
0.284
0.28
0.272
0.263
0.239
0.245
0.239
0.224
0.198
0.202
0.184
0.172
0.152
0.14
0.108
0.812
0.903
0.931
0.933
0.948
0.945
0.956
0.949
0.932
0.943
0.941
0.949
0.94
0.947
0.944
0.944
0.954
0.951
0.952
0.951
0.948
0.941
0.944
0.939
0.943
0.949
0.936
0.941
0.946
0.93
0.889
0.817
0.897
0.956
0.965
0.971
0.97
0.976
0.983
0.99
0.98
0.984
0.978
0.981
0.981
0.976
0.979
0.983
0.988
0.983
0.979
0.983
0.981
0.979
0.979
0.982
0.976
0.985
0.98
0.977
0.968
0.961
0.958
0.902
0.932
0.967
0.976
0.985
0.985
0.986
0.985
0.983
0.982
0.992
0.991
0.991
0.981
0.987
0.99
0.989
0.988
0.986
0.986
0.987
0.984
0.984
0.985
0.991
0.988
0.984
0.981
0.989
0.975
0.979
0.971
0.926
0.933
0.978
0.983
0.985
0.981
0.989
0.987
0.995
0.989
0.99
0.987
0.992
0.99
0.991
0.982
0.984
0.992
0.993
0.991
0.987
0.985
0.987
0.987
0.987
0.989
0.989
0.985
0.987
0.989
0.984
0.971
0.934
0.942
0.981
0.983
0.985
0.988
0.987
0.99
0.992
0.99
0.987
0.991
0.989
0.99
0.993
0.987
0.993
0.99
0.988
0.993
0.987
0.987
0.991
0.993
0.989
0.984
0.988
0.989
0.988
0.986
0.981
0.972
0.94
0.942
0.975
0.984
0.99
0.993
0.987
0.989
0.991
0.995
0.997
0.986
0.99
0.984
0.986
0.986
0.988
0.988
0.99
0.992
0.992
0.994
0.984
0.989
0.982
0.991
0.992
0.986
0.987
0.989
0.985
0.976
0.94
0.946
0.984
0.983
0.992
0.987
0.987
0.985
0.986
0.989
0.987
0.985
0.991
0.99
0.988
0.992
0.991
0.987
0.986
0.987
0.994
0.989
0.99
0.991
0.989
0.988
0.988
0.984
0.984
0.992
0.988
0.982
0.945
0.938
0.977
0.989
0.995
0.992
0.988
0.984
0.99
0.988
0.989
0.991
0.989
0.988
0.989
0.988
0.99
0.99
0.99
0.989
0.982
0.995
0.984
0.993
0.993
0.987
0.986
0.992
0.99
0.993
0.984
0.984
0.954
0.952
0.987
0.989
0.992
0.992
0.991
0.987
0.987
0.989
0.993
0.989
0.991
0.986
0.987
0.989
0.989
0.993
0.985
0.991
0.987
0.994
0.992
0.986
0.986
0.985
0.992
0.99
0.988
0.992
0.985
0.984
0.96
0.939
0.991
0.991
0.992
0.987
0.991
0.993
0.989
0.983
0.991
0.987
0.985
0.982
0.99
0.992
0.99
0.983
0.987
0.99
0.983
0.984
0.987
0.984
0.988
0.994
0.991
0.988
0.988
0.997
0.99
0.975
0.948
0.947
0.987
0.986
0.99
0.989
0.989
0.988
0.985
0.996
0.99
0.988
0.981
0.985
0.989
0.989
0.989
0.979
0.993
0.991
0.988
0.987
0.983
0.991
0.987
0.986
0.983
0.991
0.99
0.992
0.99
0.981
0.95
0.95
0.982
0.993
0.986
0.992
0.993
0.987
0.987
0.989
0.99
0.991
0.991
0.986
0.988
0.987
0.991
0.989
0.99
0.994
0.991
0.99
0.989
0.992
0.987
0.986
0.981
0.988
0.987
0.983
0.985
0.972
0.95
0.948
0.985
0.988
0.988
0.993
0.989
0.988
0.99
0.992
0.989
0.987
0.991
0.989
0.991
0.983
0.987
0.987
0.982
0.993
0.992
0.988
0.994
0.988
0.982
0.987
0.984
0.989
0.991
0.991
0.981
0.98
0.948
0.95
0.981
0.988
0.986
0.984
0.989
0.992
0.985
0.993
0.991
0.989
0.986
0.985
0.985
0.991
0.985
0.993
0.989
0.992
0.99
0.982
0.988
0.99
0.989
0.988
0.992
0.982
0.988
0.989
0.983
0.972
0.939
0.942
0.981
0.987
0.99
0.979
0.992
0.99
0.987
0.987
0.991
0.984
0.99
0.994
0.987
0.992
1.0
0.989
0.99
0.99
0.993
0.988
0.988
0.988
0.989
0.99
0.986
0.981
0.989
0.992
0.986
0.977
0.942
0.944
0.987
0.984
0.99
0.983
0.984
0.986
0.982
0.987
0.993
0.99
0.988
0.99
0.991
1.0
0.993
1.0
0.99
0.991
0.995
0.983
0.985
0.984
0.982
0.986
0.986
0.981
0.985
0.99
0.99
0.989
0.951
0.956
0.986
0.986
0.991
0.988
0.989
0.988
0.99
0.991
0.987
0.991
0.982
0.988
0.983
0.992
1.0
0.993
0.99
0.988
0.991
0.988
0.99
0.99
0.985
0.979
0.992
0.989
0.99
0.987
0.986
0.981
0.957
0.959
0.985
0.984
0.996
0.991
0.987
0.989
0.996
0.987
0.988
0.987
0.994
0.992
0.986
0.983
0.992
0.993
0.995
0.985
0.988
0.983
0.991
0.992
0.985
0.984
0.985
0.992
0.986
0.996
0.985
0.985
0.962
0.944
0.979
0.989
0.993
0.993
0.986
0.987
0.989
0.993
0.988
0.986
0.991
0.988
0.984
0.982
0.982
0.986
0.985
0.992
0.991
0.991
0.993
0.992
0.991
0.987
0.988
0.984
0.993
0.987
0.992
0.984
0.955
0.958
0.981
0.986
0.99
0.989
0.982
0.991
0.988
0.989
0.985
0.988
0.981
0.985
0.988
0.987
0.988
0.989
0.995
0.99
0.991
0.992
0.991
0.987
0.99
0.99
0.987
0.988
0.982
0.992
0.991
0.986
0.947
0.963
0.988
0.983
0.989
0.981
0.989
0.995
0.994
0.988
0.984
0.992
0.987
0.99
0.991
0.988
0.99
0.985
0.994
0.983
0.99
0.982
0.991
0.988
0.991
0.992
0.989
0.985
0.981
0.985
0.99
0.983
0.945
0.965
0.982
0.991
0.993
0.989
0.979
0.991
0.982
0.986
0.987
0.988
0.99
0.989
0.983
0.989
0.991
0.989
0.986
0.99
0.994
0.991
0.991
0.99
0.986
0.99
0.985
0.988
0.99
0.991
0.988
0.986
0.945
0.953
0.987
0.988
0.984
0.991
0.989
0.989
0.989
0.99
0.991
0.988
0.988
0.984
0.984
0.994
0.99
0.989
0.985
0.99
0.984
0.988
0.989
0.988
0.991
0.99
0.989
0.989
0.989
0.99
0.983
0.982
0.951
0.951
0.989
0.989
0.991
0.987
0.987
0.987
0.989
0.992
0.986
0.985
0.988
0.99
0.993
0.988
0.985
0.989
0.988
0.992
0.99
0.992
0.992
0.987
0.991
0.991
0.992
0.992
0.987
0.984
0.983
0.979
0.949
0.943
0.983
0.99
0.992
0.989
0.991
0.988
0.987
0.988
0.993
0.993
0.994
0.986
0.984
0.991
0.992
0.991
0.99
0.987
0.99
0.986
0.991
0.986
0.986
0.989
0.99
0.985
0.993
0.985
0.988
0.987
0.953
0.949
0.984
0.983
0.994
0.992
0.99
0.994
0.985
0.985
0.985
0.988
0.986
0.994
0.996
0.993
0.985
0.986
0.989
0.991
0.991
0.991
0.991
0.99
0.991
0.994
0.987
0.989
0.993
0.985
0.989
0.988
0.943
0.942
0.974
0.983
0.988
0.988
0.988
0.991
0.989
0.986
0.985
0.986
0.989
0.985
0.991
0.989
0.987
0.993
0.981
0.983
0.989
0.989
0.991
0.986
0.987
0.994
0.986
0.987
0.989
0.979
0.987
0.982
0.951
0.931
0.976
0.978
0.99
0.991
0.995
0.992
0.987
0.989
0.989
0.988
0.991
0.986
0.991
0.986
0.987
0.994
0.987
0.986
0.986
0.989
0.988
0.984
0.981
0.983
0.988
0.988
0.988
0.985
0.987
0.98
0.94
0.933
0.971
0.983
0.985
0.982
0.989
0.988
0.99
0.986
0.99
0.985
0.987
0.987
0.989
0.987
0.987
0.989
0.988
0.989
0.986
0.99
0.994
0.981
0.99
0.98
0.98
0.991
0.988
0.986
0.983
0.976
0.932
0.926
0.971
0.986
0.979
0.985
0.984
0.987
0.978
0.99
0.989
0.987
0.988
0.982
0.99
0.986
0.993
0.983
0.992
0.988
0.99
0.99
0.992
0.991
0.99
0.986
0.989
0.991
0.989
0.987
0.978
0.963
0.93
0.879
0.948
0.965
0.973
0.979
0.988
0.985
0.98
0.98
0.976
0.981
0.982
0.977
0.985
0.968
0.983
0.986
0.99
0.983
0.985
0.989
0.983
0.976
0.979
0.981
0.978
0.979
0.979
0.978
0.967
0.956
0.903
0.81
0.898
0.933
0.946
0.951
0.951
0.95
0.95
0.946
0.946
0.948
0.959
0.942
0.941
0.937
0.949
0.95
0.962
0.961
0.952
0.966
0.948
0.944
0.947
0.94
0.934
0.942
0.941
0.942
0.939
0.915
0.819

inf
inf
inf
inf
inf
inf
inf
inf
inf
inf
inf
inf
inf
inf
inf
inf
inf
inf
inf
inf
inf
inf
inf
inf
inf
inf
inf
inf
inf
inf
inf
inf
inf
inf
inf
inf
inf
inf
inf
inf
inf
inf
inf
inf
inf
inf
inf
inf
inf
inf
inf
inf
inf
inf
inf
inf
inf
inf
inf
inf
inf
inf
inf
inf
inf
inf
inf
inf
inf
inf
inf
inf
inf
inf
inf
inf
inf
inf
inf
inf
inf
inf
inf
inf
inf
inf
inf
inf
inf
inf
inf
inf
inf
inf
inf
inf
inf
inf
inf
inf
inf
inf
inf
inf
inf
inf
inf
inf
inf
inf
inf
inf
inf
inf
inf
inf
inf
inf
inf
inf
inf
inf
inf
inf
inf
inf
inf
inf
inf
inf
inf
inf
inf
inf
inf
inf
inf
inf
inf
inf
inf
inf
inf
inf
inf
inf
inf
inf
inf
inf
inf
inf
inf
inf
inf
inf
inf
inf
inf
inf
inf
inf
inf
inf
inf
inf
inf
inf
inf
inf
inf
inf
inf
inf
inf
inf
inf
inf
inf
inf
inf
inf
inf
inf
inf
inf
inf
inf
inf
inf
inf
inf
inf
inf
inf
inf
inf
inf
inf
inf
inf
inf
inf
inf
inf
inf
inf
inf
inf
inf
inf
inf
inf
inf
inf
inf
inf
inf
inf
inf
inf
inf
inf
inf
inf
inf
inf
inf
inf
inf
inf
inf
inf
inf
inf
inf
inf
inf
inf
inf
inf
inf
inf
inf
inf
inf
inf
inf
inf
inf
inf
inf
inf
inf
inf
inf
inf
inf
inf
inf
inf
inf
inf
inf
inf
inf
inf
inf
inf
inf
inf
inf
inf
inf
inf
inf
inf
inf
inf
inf
inf
inf
inf
inf
inf
inf
inf
inf
inf
inf
inf
inf
inf
inf
inf
inf
inf
inf
inf
inf
inf
inf
inf
inf
inf
inf
inf
inf
inf
inf
inf
inf
inf
inf
inf
inf
inf
inf
inf
inf
inf
inf
inf
inf
inf
inf
inf
inf
inf
inf
inf
inf
inf
inf
inf
5.0
6.0
inf
inf
inf
inf
inf
inf
inf
inf
inf
inf
inf
inf
inf
inf
inf
inf
inf
inf
inf
inf
inf
inf
inf
inf
inf
inf
inf
inf
inf
5.0
4.0
5.0
inf
inf
inf
inf
inf
inf
inf
inf
inf
inf
inf
inf
inf
inf
inf
inf
inf
inf
inf
inf
inf
inf
inf
inf
inf
inf
inf
inf
5.0
4.0
3.142857142857143
4.0
5.0
inf
inf
inf
inf
inf
inf
inf
inf
inf
inf
inf
inf
inf
inf
inf
inf
inf
inf
inf
inf
inf
inf
inf
inf
inf
inf
5.0
4.0
3.0
2.1346153846153846
3.1052631578947367
4.25
5.0
inf
inf
inf
inf
inf
inf
inf
inf
inf
inf
inf
inf
inf
inf
inf
inf
inf
inf
inf
inf
inf
inf
inf
inf
inf
4.0
3.1578947368421053
2.0398009950248754
1.0
2.021978021978022
3.2142857142857144
4.333333333333333
inf
inf
inf
inf
inf
inf
inf
inf
inf
inf
inf
inf
inf
inf
inf
inf
inf
inf
inf
inf
inf
inf
inf
inf
inf
3.3636363636363638
2.091743119266055
1.0
2.0
1.0
2.0714285714285716
3.2
inf
inf
inf
inf
inf
inf
inf
inf
inf
inf
inf
inf
inf
inf
inf
inf
inf
inf
inf
inf
inf
inf
inf
inf
7.0
4.4
3.206896551724138
2.032608695652174
1.0
2.0105820105820107
3.0
4.0
inf
inf
inf
inf
inf
inf
inf
inf
inf
inf
inf
inf
inf
inf
inf
inf
inf
inf
inf
inf
inf
inf
inf
inf
6.0
5.0
4.0
3.0
2.05607476635514
3.0869565217391304
4.0
5.0
inf
inf
inf
inf
inf
inf
inf
inf
inf
inf
inf
inf
inf
inf
inf
inf
inf
inf
inf
inf
inf
inf
inf
inf
inf
inf
inf
4.666666666666667
3.4285714285714284
4.0
5.0
6.0
inf
inf
inf
inf
inf
inf
inf
inf
inf
inf
inf
inf
inf
inf
inf
inf
inf
inf
inf
inf
inf
inf
inf
inf
inf
inf
inf
7.0
4.0
inf
inf
7.0
inf
inf
inf
inf
inf
inf
inf
inf
inf
inf
inf
inf
inf
inf
inf
inf
inf
inf
inf
inf
inf
inf
inf
inf
inf
inf
inf
inf
5.0
inf
inf
inf
inf
inf
inf
inf
inf
inf
inf
inf
inf
inf
inf
inf
inf
inf
inf
inf
inf
inf
inf
inf
inf
inf
inf
inf
inf
inf
inf
inf
inf
inf
inf
inf
inf
inf
inf
inf
inf
inf
inf
inf
inf
inf
inf
inf
inf
inf
inf
inf
inf
inf
inf
inf
inf
inf
inf
inf
inf
inf
inf
inf
inf
inf
inf
inf
inf
inf
inf
inf
inf
inf
inf
inf
inf
inf
inf
inf
inf
inf
inf
inf
inf
inf
inf
inf
inf
inf
inf
inf
inf
inf
inf
inf
inf
inf
inf
inf
inf
inf
inf
inf
inf
inf
inf
inf
inf
inf
inf
inf
inf
inf
inf
inf
inf
inf
inf
inf
inf
inf
inf
inf
inf
inf
inf
inf
inf
inf
inf
inf
inf
inf
inf
inf
inf
inf
inf
inf
inf
inf
inf
inf
inf
inf
inf
inf
inf
inf
inf
inf
inf
inf
inf
inf
inf
inf
inf
inf
inf
inf
inf
inf
inf
inf
inf
inf
inf
inf
inf
inf
inf
inf
inf
inf
inf
inf
inf
inf
inf
inf
inf
inf
inf
inf
inf
inf
inf
inf
inf
inf
inf
inf
inf
inf
inf
inf
inf
inf
inf
inf
inf
inf
inf
inf
inf
inf
inf
inf
inf
inf
inf
inf
inf
inf
inf
inf
inf
inf
inf
inf
inf
inf
inf
inf
inf
inf
inf
inf
inf
inf
inf
inf
inf
inf
inf
inf
inf
inf
inf
inf
inf
inf
inf
inf
inf
inf
inf
inf
inf
inf
inf
inf
inf
inf
inf
inf
inf
inf
inf
inf
inf
inf
inf
inf
inf
inf
inf
inf
inf
inf
inf
inf
inf
inf
inf
inf
inf
inf
inf
inf
inf
inf
inf
inf
inf
inf
inf
inf
inf
inf
inf
inf
inf
inf
inf
inf
inf
inf
inf
inf
inf
inf
inf
inf
inf
inf
inf
inf
inf
inf
inf
inf
inf
inf
inf
inf
inf
inf
inf
inf
inf
inf
inf
inf
inf
inf
inf
inf
inf
inf
inf
inf
inf
inf
inf
inf
inf
inf
inf
inf
inf
inf
inf
inf
inf
inf
inf
inf
inf
inf
inf
inf
inf
inf
inf
inf
inf
inf
inf
inf
inf
inf
inf
inf
inf
inf
inf
inf
inf
inf
inf
inf
inf
inf
inf
inf
inf
inf
inf
inf
inf
inf
inf
inf
inf
24.0
inf
inf
inf
24.0
25.0
26.0
inf
inf
inf
inf
inf
inf
inf
inf
inf
inf
inf
inf
inf
inf
inf
inf
inf
inf
inf
inf
inf
inf
inf
inf
inf
23.0
22.0
21.0
22.0
23.0
inf
inf
inf
inf
inf
inf
inf
inf
inf
inf
inf
inf
inf
inf
inf
inf
inf
inf
inf
inf
inf
inf
inf
inf
inf
inf
inf
18.0
inf
20.0
21.0
24.0
inf
inf
inf
inf
inf
inf
inf
inf
inf
inf
inf
inf
inf
inf
inf
inf
inf
inf
inf
inf
inf
inf
inf
inf
inf
inf
inf
17.0
18.0
19.0
18.0
inf
inf
inf
inf
inf
inf
inf
inf
inf
inf
inf
inf
inf
inf
inf
inf
inf
inf
inf
inf
inf
inf
inf
21.0
17.0
17.0
inf
inf
15.0
17.0
18.0
17.0
inf
inf
inf
inf
inf
inf
inf
inf
inf
inf
inf
inf
inf
inf
25.0
24.0
inf
inf
inf
inf
inf
16.0
inf
18.0
17.0
17.5
19.0
15.333333333333334
14.0
16.0
17.0
16.0
17.0
inf
inf
inf
inf
inf
inf
inf
inf
inf
inf
inf
inf
inf
24.0
23.0
inf
inf
inf
inf
inf
15.0
13.5
14.0
15.0
16.5
16.0
13.666666666666666
14.0
17.0
14.0
15.0
18.0
19.0
inf
inf
inf
inf
inf
inf
inf
inf
inf
inf
inf
inf
23.0
22.0
21.0
20.0
17.0
16.0
17.0
14.0
13.0
13.0
13.25
13.666666666666666
13.5
13.6
14.0
14.0
13.0
inf
19.0
20.0
inf
inf
inf
inf
inf
inf
inf
inf
inf
inf
inf
inf
inf
23.0
21.0
19.0
17.0
16.333333333333332
14.0
13.666666666666666
12.222222222222221
12.0
11.142857142857142
11.0
11.11111111111111
11.545454545454545
11.0
13.666666666666666
12.5
13.0
22.0
inf
inf
inf
inf
inf
inf
inf
inf
inf
inf
inf
inf
inf
inf
inf
23.0
17.0
15.4
14.333333333333334
12.5
12.666666666666666
11.615384615384615
10.25
9.25
9.076923076923077
10.6
10.625
10.625
11.4
11.8
14.0
19.0
26.0
27.0
inf
inf
inf
inf
inf
inf
inf
inf
inf
inf
inf
inf
inf
inf
15.0
15.333333333333334
13.2
11.714285714285714
11.571428571428571
9.894736842105264
8.571428571428571
8.117647058823529
7.363636363636363
8.0
9.0
9.5
9.5
12.0
15.0
18.0
21.0
26.0
inf
inf
inf
inf
inf
inf
inf
inf
inf
inf
inf
inf
inf
inf
13.333333333333334
15.5
12.75
10.333333333333334
9.80952380952381
8.027027027027026
7.0588235294117645
6.393939393939394
6.121212121212121
6.555555555555555
7.319148936170213
8.466666666666667
9.411764705882353
11.166666666666666
12.8
15.0
24.0
inf
inf
inf
inf
inf
inf
inf
inf
inf
inf
inf
inf
inf
13.0
12.0
12.0
12.0
11.0
9.222222222222221
8.135135135135135
6.8076923076923075
5.739130434782608
4.7299270072992705
4.251612903225807
5.169811320754717
5.835164835164835
6.966666666666667
8.44
9.571428571428571
11.571428571428571
12.5
23.0
inf
15.0
14.0
15.0
inf
inf
inf
inf
inf
inf
inf
inf
13.0
14.0
13.0
11.333333333333334
10.11111111111111
10.75
8.153846153846153
6.945454545454545
5.702127659574468
4.777777777777778
3.4488188976377954
2.6058823529411765
3.408333333333333
4.623376623376624
5.723809523809524
7.3076923076923075
8.68421052631579
11.0
11.8
16.0
11.0
12.0
13.0
inf
inf
inf
inf
inf
inf
inf
14.0
13.0
12.0
12.333333333333334
11.2
11.285714285714286
10.857142857142858
10.0
8.307692307692308
6.26984126984127
4.772413793103448
3.507142857142857
2.2226277372262775
1.0
2.2011605415860735
3.5
5.107913669064748
6.67741935483871
7.6923076923076925
8.666666666666666
10.0
11.0
14.0
13.0
inf
inf
inf
inf
inf
inf
inf
inf
13.0
12.0
11.0
10.0
10.333333333333334
11.333333333333334
9.571428571428571
9.866666666666667
8.222222222222221
5.701492537313433
4.2298850574712645
2.587012987012987
1.0
2.0
1.0
2.5788113695090438
4.32051282051282
6.318840579710145
7.076923076923077
8.444444444444445
9.666666666666666
16.0
inf
14.0
15.0
inf
inf
inf
inf
inf
inf
inf
14.0
13.0
inf
13.0
12.0
11.0
11.2
9.941176470588236
9.066666666666666
6.963636363636364
4.9763779527559056
3.4166666666666665
2.1493624772313296
1.0
2.1956521739130435
3.3142857142857145
4.876712328767123
6.536231884057971
7.2592592592592595
8.777777777777779
12.285714285714286
15.0
20.0
inf
inf
inf
inf
inf
inf
inf
inf
inf
inf
inf
inf
inf
14.0
14.0
13.0
10.166666666666666
9.785714285714286
7.75
6.146067415730337
4.515723270440252
3.4347826086956523
2.5614973262032086
3.4649446494464944
4.477777777777778
5.585858585858586
7.137254901960785
8.3
9.454545454545455
12.5
19.0
19.0
26.0
25.0
26.0
inf
inf
inf
inf
inf
inf
inf
inf
inf
inf
14.0
14.0
13.0
11.0
10.375
8.448275862068966
7.169811320754717
5.888888888888889
4.932203389830509
4.194630872483222
4.928
5.895833333333333
6.923076923076923
8.823529411764707
9.0
11.333333333333334
14.857142857142858
16.6
18.0
23.0
24.0
25.0
inf
inf
inf
inf
inf
inf
inf
inf
inf
inf
15.0
13.6
11.666666666666666
11.666666666666666
10.384615384615385
9.9
8.92
7.611111111111111
6.578947368421052
5.876923076923077
6.223880597014926
7.294117647058823
8.03225806451613
10.0
12.090909090909092
13.5
15.4
19.0
15.0
22.0
23.0
inf
25.0
inf
inf
inf
inf
inf
inf
inf
inf
inf
inf
inf
inf
12.2
11.142857142857142
11.0
9.444444444444445
9.11111111111111
7.333333333333333
7.551724137931035
7.393939393939394
8.62962962962963
8.941176470588236
10.166666666666666
13.428571428571429
14.333333333333334
19.0
18.0
22.0
21.0
22.0
23.0
24.0
25.0
inf
inf
inf
inf
inf
inf
inf
inf
inf
inf
inf
12.0
11.0
11.6
11.4
9.666666666666666
9.2
9.454545454545455
9.0
10.5
10.666666666666666
12.0
14.0
19.333333333333332
20.0
28.0
29.0
20.0
21.0
22.0
inf
26.0
inf
inf
inf
inf
inf
inf
inf
inf
inf
15.0
14.0
13.0
12.0
11.0
11.333333333333334
12.0
10.0
10.714285714285714
8.857142857142858
11.0
13.5
14.0
14.0
15.0
16.0
17.0
18.0
19.0
20.0
23.0
24.0
inf
inf
inf
inf
inf
inf
inf
inf
inf
inf
inf
inf
14.0
13.0
14.0
13.0
14.0
11.0
11.333333333333334
9.5
inf
14.0
18.0
17.0
inf
17.0
inf
inf
inf
inf
inf
inf
inf
inf
inf
inf
inf
inf
inf
inf
inf
inf
inf
inf
inf
14.0
15.0
inf
13.0
12.0
13.0
10.0
inf
15.0
19.0
inf
inf
inf
inf
inf
inf
inf
inf
inf
inf
inf
inf
inf
inf
inf
inf
inf
inf
inf
inf
inf
inf
15.0
16.0
inf
14.0
13.0
14.0
11.0
inf
21.0
20.0
inf
inf
inf
inf
inf
inf
inf
inf
inf
inf
inf
inf
inf
inf
inf
inf
inf
inf
inf
inf
inf
inf
inf
inf
inf
inf
14.0
inf
12.0
inf
inf
inf
inf
inf
inf
inf
inf
inf
inf
inf
inf
inf
inf
inf
inf
inf
inf
inf
inf
inf
inf
inf
inf
inf
inf
inf
inf
inf
inf
inf
inf
inf
inf
inf
inf
inf
inf
inf
inf
inf
inf
inf
inf
inf
inf
inf
inf
inf
inf
inf
inf
inf
inf
inf
inf
inf
inf
inf
inf
inf
inf
inf
inf
inf
inf
inf
inf
inf
inf
inf
inf
inf
inf
inf
inf
inf
inf
inf
inf
inf
inf
inf
inf
inf
inf
inf
inf
inf
inf
inf
inf
inf
inf
inf
inf
inf
inf
inf
inf
inf
inf
inf
inf
inf
inf
inf
inf
inf
inf
inf
inf
inf
inf
inf
inf
inf
inf
inf
inf
inf
inf
inf
inf
inf
inf
inf
inf
inf
inf
inf
inf
inf
inf
inf
inf
inf
inf
inf
inf
inf
inf
inf
inf
inf
inf
inf
inf
inf
inf
inf
inf
inf
inf
inf
inf
inf
inf
inf
inf
inf
inf
inf
inf
inf
inf
inf
inf
inf
inf
inf
inf
inf
inf
inf
42.13333333333333
41.76623376623377
41.66304347826087
40.960591133004925
39.927927927927925
38.8
38.14503816793893
36.80228136882129
36.17358490566038
34.388888888888886
33.864150943396226
34.42028985507246
34.021126760563384
33.62328767123287
33.106529209621996
33.40955631399317
33.11705685618729
33.90491803278689
33.81506849315068
33.901023890784984
34.07194244604317
34.0
35.10204081632653
35.77391304347826
36.33913043478261
37.23364485981308
38.388888888888886
39.1530612244898
40.40659340659341
41.67058823529412
43.12056737588652
43.65979381443299
41.10843373493976
40.757894736842104
39.91525423728814
39.56078431372549
38.31636363636363
37.63265306122449
36.455128205128204
35.665594855305464
34.711598746081506
33.612307692307695
32.73252279635258
32.6997084548105
32.11864406779661
32.42506811989101
32.25824175824176
31.687671232876713
32.056497175141246
32.005464480874316
32.49862258953168
33.04322766570605
33.06586826347306
33.30909090909091
33.60188087774295
34.09180327868852
35.45205479452055
36.15384615384615
37.40449438202247
38.935483870967744
39.21145374449339
40.64186046511628
41.089385474860336
43.12
39.744680851063826
39.79090909090909
38.92125984251968
37.836363636363636
37.35973597359736
36.45
35.59183673469388
34.32378223495702
33.76836158192091
32.14986376021798
31.517426273458444
30.883544303797468
31.379310344827587
30.740384615384617
30.49156626506024
30.40966921119593
30.57963446475196
30.568627450980394
31.3681592039801
31.698666666666668
31.583561643835615
31.91364902506964
32.608450704225355
33.2816091954023
34.408408408408405
34.85897435897436
35.666666666666664
36.80338983050847
37.95402298850575
39.710204081632654
41.04225352112676
41.19767441860465
39.926108374384235
39.13147410358566
38.15750915750916
37.1438127090301
36.883116883116884
35.38643067846608
34.70285714285714
33.08222811671087
31.448
30.62155388471178
30.638141809290953
29.990610328638496
29.825892857142858
29.348214285714285
29.452214452214452
29.193396226415093
28.7311320754717
28.94562647754137
30.08557457212714
30.640198511166254
30.11764705882353
30.699738903394255
31.487935656836463
32.596858638743456
33.581717451523545
34.268221574344025
35.064896755162245
35.91612903225806
36.993197278911566
38.2453531598513
40.125506072874494
40.51336898395722
38.886792452830186
38.14176245210728
37.234042553191486
36.23717948717949
35.767857142857146
34.440677966101696
33.36756756756757
31.62915601023018
30.352040816326532
30.050505050505052
29.453237410071942
28.807058823529413
28.458874458874458
27.613686534216335
27.868995633187772
27.73289183222958
27.318681318681318
27.707482993197278
27.905829596412556
28.324384787472034
28.67132867132867
29.643734643734643
29.929471032745592
31.057441253263708
32.42970822281167
33.40871934604905
33.476323119777156
34.86186186186186
35.84466019417476
37.34909090909091
38.801587301587304
39.74146341463415
38.016806722689076
37.26353790613718
36.26923076923077
35.28402366863905
34.55807365439094
33.29287598944591
31.8463476070529
30.687651331719128
29.26923076923077
28.743405275779377
27.922727272727272
27.29490022172949
26.55698924731183
26.1375
25.17391304347826
25.677018633540374
25.804166666666667
26.012269938650306
26.3347022587269
26.74688796680498
26.845132743362832
27.88520971302428
28.55609756097561
29.816425120772948
30.625
31.82608695652174
32.295698924731184
33.65650969529086
34.94642857142857
36.19269102990033
38.25373134328358
39.386138613861384
36.6578947368421
35.40273037542662
35.43362831858407
34.3
33.10215053763441
32.036458333333336
30.68641975308642
29.46698113207547
28.153498871331827
27.136263736263736
26.063424947145876
25.44399185336049
25.016260162601625
24.25748502994012
23.680473372781066
23.135728542914173
23.439842209072978
23.803212851405622
23.696098562628336
25.3399209486166
25.775
26.86266094420601
28.235023041474655
28.333333333333332
29.676470588235293
31.055555555555557
31.892307692307693
33.28415300546448
34.0
35.15483870967742
36.628571428571426
38.95260663507109
35.772532188841204
35.01324503311258
33.89736070381232
32.37922077922078
31.57985257985258
30.39243498817967
29.642533936651585
28.287581699346404
26.88744588744589
25.467505241090148
24.53386454183267
23.628
22.984496124031008
21.52268244575937
20.77330895795247
20.41176470588235
20.908925318761383
20.816326530612244
21.36468330134357
23.092936802973977
23.838582677165356
25.125
26.49889135254989
26.656036446469248
27.929906542056074
29.758454106280194
31.544080604534006
32.523316062176164
33.31791907514451
34.76307692307692
35.76190476190476
37.58904109589041
35.267175572519086
34.17610062893082
33.07909604519774
31.661458333333332
30.276543209876543
28.84149184149184
28.517241379310345
26.91231732776618
26.06952965235174
24.304854368932038
23.193116634799235
21.73764258555133
20.205309734513275
19.3407917383821
18.924657534246574
18.804195804195803
19.089041095890412
18.685314685314687
19.583629893238435
20.480565371024735
21.832727272727272
23.232824427480917
24.679324894514767
25.816067653276956
27.10967741935484
29.009132420091323
30.0641975308642
31.56020942408377
32.798850574712645
34.276595744680854
35.43344709897611
36.39655172413793
34.588235294117645
33.69512195121951
32.57608695652174
30.930348258706466
28.874125874125873
27.469298245614034
26.859574468085107
24.854736842105265
23.988095238095237
22.780669144981413
21.271375464684017
19.89605734767025
17.986062717770036
17.150501672240804
16.563333333333333
15.846666666666666
16.015075376884422
16.00328947368421
16.973684210526315
17.80427046263345
19.722532588454378
21.630885122410547
23.400801603206414
24.679166666666667
26.30242825607064
28.438356164383563
29.440677966101696
30.948979591836736
32.12921348314607
33.62874251497006
34.51890034364261
36.049586776859506
34.31460674157304
32.616279069767444
31.805929919137466
29.898058252427184
28.509174311926607
26.952380952380953
25.78423236514523
23.669306930693068
22.167300380228138
20.51912568306011
19.54355400696864
17.732984293193716
15.708674304418984
14.432515337423313
14.25078369905956
13.642633228840126
13.361635220125786
13.59375
14.79179810725552
15.739352640545144
18.02127659574468
20.33582089552239
21.63495145631068
24.02857142857143
25.83400809716599
27.16777041942605
28.621809744779583
29.49376558603491
31.441253263707573
33.794117647058826
34.95205479452055
36.092369477911646
32.45112781954887
32.02932551319648
30.693548387096776
28.9126213592233
27.977777777777778
26.170731707317074
24.718367346938777
22.303262955854127
20.593345656192238
19.40608228980322
17.880672268907563
16.211920529801326
13.798076923076923
12.396313364055299
11.71137026239067
11.137724550898204
10.803863298662705
11.464285714285714
13.370030581039755
14.806451612903226
16.852100840336135
18.798548094373867
21.5123339658444
22.99206349206349
24.482254697286013
26.432900432900432
28.112107623318387
29.452380952380953
31.778625954198475
33.273775216138326
35.03947368421053
35.53962264150943
31.505454545454544
31.6242774566474
30.122994652406415
28.47826086956522
27.308695652173913
25.35030549898167
24.194059405940592
21.774436090225564
19.850434782608694
18.25938566552901
16.1664
14.165876777251185
11.457478005865102
9.738060781476122
8.834019204389575
7.716666666666667
8.34013605442177
9.484094052558783
11.548672566371682
13.172684458398743
15.336633663366337
18.233511586452764
20.170132325141775
22.248995983935743
23.81404958677686
25.728448275862068
27.502262443438916
28.95744680851064
30.526582278481012
32.698113207547166
34.32835820895522
35.23616236162361
31.23859649122807
30.72222222222222
29.99009900990099
28.536470588235293
27.0
25.382716049382715
22.677419354838708
21.317857142857143
19.240677966101696
17.169871794871796
15.058461538461538
12.588059701492538
10.058011049723756
7.724503311258278
5.785622593068036
4.1753958587088915
5.694235588972431
7.360634081902246
9.76546762589928
11.843797856049004
14.361702127659575
16.577854671280278
19.15500945179584
21.345238095238095
22.8739837398374
24.923076923076923
26.212389380530972
28.09976247030879
29.79596977329975
31.543010752688172
33.18674698795181
34.39855072463768
31.906040268456376
30.675070028011206
29.417283950617286
28.31002331002331
26.70940170940171
25.194059405940592
23.022304832713754
20.916666666666668
18.552542372881355
16.48247078464107
13.786163522012579
11.30835734870317
8.276797829036635
5.383248730964467
2.89749430523918
1.0
3.109302325581395
5.463104325699746
8.320885200553251
11.299694189602446
13.52012882447665
16.19322033898305
18.76923076923077
20.6937984496124
22.52121212121212
24.86695278969957
25.919821826280625
27.443438914027148
29.343434343434343
31.141304347826086
32.67062314540059
34.345588235294116
32.3986013986014
30.88283378746594
29.83062645011601
28.73589164785553
26.924050632911392
25.06090373280943
22.524344569288388
20.71985815602837
18.60135135135135
16.00658978583196
13.267080745341614
11.469914040114613
7.825396825396825
4.5210084033613445
1.0
2.0
1.0
4.621359223300971
7.916552667578659
10.724550898203592
13.776699029126213
16.652705061082024
18.12761904761905
20.64453125
22.87295081967213
24.866807610993657
26.02375809935205
27.03587443946188
28.902200488997554
31.225130890052355
32.58600583090379
33.89003436426117
32.23529411764706
31.327077747989275
30.15058823529412
29.103448275862068
27.139240506329113
24.554240631163708
22.638132295719846
20.784070796460178
18.463121783876502
16.23051409618574
13.974960876369327
11.44216691068814
8.610583446404341
5.475471698113208
3.051546391752577
1.0
2.7799315849486885
5.508301404853129
8.566145092460882
10.908396946564885
13.712
16.362676056338028
18.522727272727273
20.89272030651341
22.762295081967213
24.443037974683545
26.39323467230444
27.619153674832962
29.239709443099272
31.16751269035533
32.641618497109825
33.72108843537415
32.22105263157895
31.452513966480446
30.243243243243242
29.062780269058297
27.54237288135593
25.179282868525895
23.416666666666668
21.581560283687942
19.523235800344235
17.62828947368421
14.759349593495935
12.506134969325153
9.952380952380953
7.6722222222222225
5.519205298013245
4.265
5.2219354838709675
7.2680272108843536
9.605882352941176
11.934579439252337
14.469055374592834
16.549565217391304
18.58532110091743
20.906976744186046
23.020325203252032
24.390041493775932
25.91304347826087
28.10909090909091
29.81081081081081
30.717678100263853
32.684813753581665
33.837037037037035
33.34470989761092
32.32
30.565552699228792
28.761124121779858
27.43220338983051
25.604373757455267
24.007736943907158
22.824626865671643
20.816112084063047
18.45575959933222
16.261306532663315
13.891056910569105
11.761978361669243
9.797619047619047
8.128755364806867
7.29302987197724
7.847672778561354
9.277456647398845
11.012195121951219
13.214634146341464
15.570698466780238
17.2652705061082
19.76735459662289
21.760076775431862
23.2
24.567226890756302
26.801762114537446
28.39479905437352
29.741293532338307
31.082644628099175
32.718100890207715
34.42962962962963
33.82274247491639
32.73988439306358
31.157894736842106
29.299303944315547
27.809734513274336
26.251572327044027
24.384615384615383
23.806451612903224
22.141804788213626
20.132867132867133
17.768166089965398
15.634228187919463
13.958730158730159
12.054054054054054
11.042360060514373
10.517397881996974
10.513677811550153
11.420731707317072
13.04746835443038
14.943708609271523
16.495682210708118
18.60682226211849
20.6247582205029
22.487603305785125
24.333333333333332
25.67170626349892
27.42152466367713
28.847619047619048
29.6426735218509
31.686274509803923
33.3719512195122
35.0546875
34.292682926829265
32.518840579710144
31.36315789473684
29.759615384615383
28.438053097345133
26.420944558521562
25.67193675889328
24.670020120724345
23.05242718446602
21.367041198501873
19.232974910394265
17.442508710801395
15.775167785234899
14.118530884808013
13.648562300319488
13.05475040257649
12.993421052631579
14.054908485856906
15.597955706984667
16.693379790940767
18.5480943738657
20.072519083969464
21.76171875
23.852
25.31063829787234
26.74222222222222
28.174311926605505
29.835380835380835
30.954177897574123
32.368115942028986
34.03785488958991
34.83132530120482
34.491289198606275
33.458333333333336
32.460916442048514
30.776412776412776
29.136470588235294
27.613333333333333
26.492407809110627
25.55323590814196
23.92929292929293
22.352705410821642
21.14312617702448
18.933823529411764
18.601436265709157
16.881239242685027
16.121951219512194
16.064846416382252
15.600349040139616
16.286725663716815
17.379061371841154
19.01086956521739
20.10734463276836
21.255144032921812
22.975409836065573
24.8944099378882
26.6079295154185
28.183856502242154
29.765432098765434
30.575757575757574
32.1968085106383
33.37356321839081
34.4640522875817
35.34375
35.03030303030303
33.71974522292994
32.53443526170799
31.51010101010101
30.214953271028037
28.705357142857142
27.33184855233853
26.75483870967742
25.355371900826448
24.19681908548708
22.23643410852713
21.003937007874015
20.273603082851636
19.116104868913858
18.35
18.062611806797854
18.01086956521739
18.96389891696751
19.564547206165702
20.37330754352031
21.72690763052209
22.820408163265306
24.29778672032193
26.075949367088608
27.394618834080717
29.30272952853598
30.780361757105943
31.83028720626632
32.76536312849162
34.52662721893491
35.16339869281046
36.6198347107438
36.00769230769231
34.75316455696203
33.32183908045977
32.259946949602124
31.447115384615383
29.968036529680365
28.734234234234233
27.917211328976034
26.624733475479744
25.525
24.43027888446215
22.988095238095237
22.3
21.337278106508876
20.885057471264368
20.02962962962963
19.94433781190019
21.387755102040817
21.47358121330724
22.64242424242424
23.272912423625254
24.017057569296377
25.923076923076923
27.72949002217295
28.882926829268293
30.272727272727273
32.02116402116402
33.192200557103064
34.29970326409496
35.66875
36.381443298969074
37.5
36.91428571428571
35.277966101694915
34.33529411764706
33.54986522911051
32.20347394540943
31.60431654676259
30.253456221198157
29.134199134199132
27.95067264573991
26.809110629067245
25.892339544513458
24.59753593429158
24.068825910931174
23.34077079107505
22.612
22.50293542074364
22.720321931589538
23.185185185185187
23.782178217821784
24.991666666666667
25.177453027139876
26.303370786516854
27.360919540229887
28.976905311778292
30.063260340632603
31.074074074074073
32.64109589041096
33.90173410404624
35.21921921921922
36.424920127795524
37.39518900343643
38.45454545454545
37.53781512605042
36.82517482517483
35.582352941176474
34.45378151260504
33.52196382428941
31.92059553349876
31.541176470588237
30.40715883668904
29.463636363636365
27.886621315192745
27.3470715835141
26.73160173160173
25.87157894736842
25.285714285714285
24.946611909650922
24.789579158316634
24.62753036437247
25.21868365180467
25.818181818181817
26.630669546436284
27.216814159292035
27.537757437070937
28.9445727482679
29.75886524822695
31.139303482587064
32.51794871794872
33.57222222222222
34.51764705882353
35.993589743589745
37.175324675324674
37.664259927797836
39.27272727272727
37.96610169491525
37.45652173913044
36.725
35.837078651685395
34.57541899441341
33.30051813471503
32.68329177057357
31.653937947494033
30.73488372093023
29.90909090909091
28.990825688073393
28.680365296803654
28.107991360691145
27.11255411255411
27.192468619246863
27.341252699784018
26.76659528907923
26.897550111358573
27.52914798206278
27.9123595505618
27.96330275229358
29.02314814814815
30.247086247086248
30.887530562347187
32.2088772845953
33.796657381615596
34.16568047337278
34.961414790996784
36.644067796610166
37.747252747252745
39.12403100775194
40.046728971962615
38.99082568807339
38.70631970260223
37.85906040268456
36.40490797546012
36.02017291066282
34.44931506849315
33.972010178117046
33.124378109452735
32.391304347826086
31.22850122850123
31.096618357487923
30.660377358490567
30.018779342723004
28.808035714285715
28.84070796460177
28.782022471910114
28.850467289719628
28.536130536130536
28.57377049180328
29.215686274509803
30.06413301662708
30.948356807511736
31.52417302798982
32.18970189701897
32.830028328611895
34.48125
36.37908496732026
36.62251655629139
37.51929824561404
38.463878326996195
39.38135593220339
40.43956043956044
40.27860696517413
39.50592885375494
38.964285714285715
37.91638795986622
37.333333333333336
36.19884726224784
34.969359331476326
34.77956989247312
33.84102564102564
33.41
32.67005076142132
31.80493827160494
31.423728813559322
30.484777517564403
30.13270142180095
30.33816425120773
30.523929471032744
31.01492537313433
30.67007672634271
30.8005249343832
31.740932642487046
32.627027027027026
33.30958904109589
33.93371757925072
34.776119402985074
35.64935064935065
36.99324324324324
37.8058608058608
39.13178294573643
39.54621848739496
40.33802816901409
40.967032967032964
40.784615384615385
40.1271186440678
39.55598455598456
38.94117647058823
38.5
37.73913043478261
36.593023255813954
35.72271386430678
34.81471389645777
33.484042553191486
32.84816753926702
32.98395721925134
32.845360824742265
32.1958762886598
31.82687338501292
31.56923076923077
31.87935656836461
32.202739726027396
32.36088154269972
32.847262247838614
33.06741573033708
34.187134502923975
34.411078717201164
35.333333333333336
36.078947368421055
36.97222222222222
37.73003802281369
38.666666666666664
39.495726495726494
39.75229357798165
40.878172588832484
41.911949685534594
40.62820512820513
41.80612244897959
40.660714285714285
40.10569105691057
39.6796875
39.028169014084504
38.261818181818185
36.34680134680135
35.40251572327044
34.47400611620795
34.485207100591715
34.132183908045974
33.68108108108108
33.10919540229885
33.13390313390313
33.082417582417584
33.219941348973606
33.811764705882354
33.50299401197605
33.741433021806856
33.762057877813504
34.96026490066225
35.04109589041096
36.0958904109589
37.17314487632509
38.09727626459144
38.54545454545455
39.32876712328767
40.350710900473935
40.326530612244895
41.21212121212121
42.53488372093023
41.8099173553719
42.1875
41.67032967032967
41.96923076923077
41.0
39.80590717299578
38.53719008264463
37.21518987341772
35.80916030534351
34.878571428571426
35.102739726027394
35.138263665594856
34.868852459016395
34.744827586206895
33.98327759197324
34.244897959183675
34.148014440433215
34.19718309859155
34.18571428571428
34.75735294117647
36.30798479087453
36.62761506276151
36.87755102040816
37.38075313807531
38.705357142857146
39.75757575757576
39.98019801980198
39.71739130434783
41.56976744186046
40.776315789473685
41.957142857142856
43.074074074074076
30.51231527093596
29.651162790697676
28.816326530612244
27.866023579849948
26.928270042194093
26.015873015873016
25.152719665271967
24.327713382507902
23.523605150214593
22.722163308589607
22.065887353878853
21.59009483667018
21.1
20.81626187961985
20.641949152542374
20.548728813559322
20.62054507337526
20.785488958990538
21.027310924369747
21.555205047318612
22.10337552742616
22.823591923485655
23.527542372881356
24.324813631522897
25.130434782608695
26.100105374077977
26.95940170940171
27.924548352816153
28.877378435517972
29.791397849462367
30.63217097862767
31.47735618115055
29.702341137123746
28.769874476987447
27.89119170984456
26.90216271884655
25.923711340206186
24.985655737704917
24.08443540183113
23.264646464646464
22.408163265306122
21.658536585365855
20.98159509202454
20.448521916411824
19.990825688073393
19.709016393442624
19.54341164453524
19.424211597151576
19.437246963562753
19.584944048830113
19.921348314606742
20.457782299084435
20.959225280326198
21.642492339121553
22.370786516853933
23.19755600814664
24.112704918032787
25.021319796954316
25.983673469387757
26.865916069600818
27.90289256198347
28.857440166493237
29.7098121085595
30.676274944567627
28.824034334763947
27.85625646328852
26.89344262295082
25.94822335025381
24.92791878172589
24.01419878296146
23.078172588832487
22.18616480162767
21.368635437881874
20.594758064516128
19.836528758829466
19.244197780020183
18.780835881753312
18.416413373860184
18.236363636363638
18.138523761375126
18.220647773279353
18.359026369168358
18.657200811359026
19.26139817629179
19.808943089430894
20.522357723577237
21.271065989847717
22.128153380423814
22.983805668016196
23.971544715447155
24.945973496432213
25.930232558139537
26.927179487179487
27.925434116445352
28.846549948506695
29.779697624190064
27.89817792068596
26.961145194274028
25.925737538148525
24.968527918781724
23.92558613659531
22.99696663296259
22.01317122593718
21.133668341708542
20.28210313447927
19.44848484848485
18.639311043566362
18.038306451612904
17.533333333333335
17.13420787083754
16.84725050916497
16.75609756097561
16.923387096774192
17.117824773413897
17.443995963673057
18.010131712259373
18.6994923857868
19.469098277608914
20.21580547112462
21.1144883485309
22.01314459049545
22.98078867542973
23.925888324873096
24.9645390070922
25.97876643073812
27.01219512195122
27.996910401647785
28.920770877944324
27.065817409766453
26.06218144750255
25.005086469989827
23.958375634517765
22.937246963562753
21.9645390070922
21.02828282828283
20.052419354838708
19.185858585858586
18.34549138804458
17.556004036326943
16.817997977755308
16.23030303030303
15.801611278952668
15.602836879432624
15.525679758308158
15.583838383838383
15.880566801619434
16.21752265861027
16.831813576494426
17.574468085106382
18.287588294651865
19.162134944612287
20.051567239635997
20.94918699186992
21.874493927125506
22.912032355915066
23.94331983805668
24.963488843813387
26.021406727828747
27.0
27.98085106382979
26.070063694267517
25.087179487179487
24.054878048780488
22.967676767676767
21.948640483383684
20.962512664640325
20.035389282103136
19.043390514631685
18.171859296482413
17.291875626880643
16.40973630831643
15.616161616161616
15.032520325203253
14.586206896551724
14.310344827586206
14.2165991902834
14.281376518218623
14.496969696969696
14.96975806451613
15.61491935483871
16.344064386317907
17.172764227642276
18.033367037411526
19.0122199592668
19.95257315842583
20.93951612903226
21.91480730223124
22.954407294832826
23.99696663296259
24.988832487309644
26.028688524590162
27.038297872340426
25.211416490486258
24.158536585365855
23.037639877924722
21.989919354838708
21.009118541033434
19.9645390070922
18.970558375634518
18.01419878296146
17.096056622851364
16.19148936170213
15.260913705583757
14.400605449041372
13.743434343434343
13.307692307692308
13.018145161290322
12.886982845610495
12.97467071935157
13.273833671399593
13.760891590678824
14.408450704225352
15.199191102123358
16.066666666666666
17.01715438950555
17.97876643073812
18.94331983805668
19.9331983805668
20.96951219512195
22.054878048780488
23.066532258064516
24.07085020242915
25.13645621181263
26.187301587301587
24.30277185501066
23.254861821903788
22.114256825075834
21.087437185929648
20.048387096774192
19.018218623481783
18.008130081300813
17.038383838383837
16.03846153846154
15.069767441860465
14.231079717457114
13.306370070778565
12.582995951417004
12.099089989888776
11.736842105263158
11.458585858585858
11.614141414141415
12.038383838383838
12.567239635995955
13.331975560081466
14.133668341708542
15.111788617886178
16.043303121852972
17.007049345417926
17.940222897669706
18.949290060851926
20.034274193548388
21.058585858585857
22.129909365558913
23.20528455284553
24.33739837398374
25.354297693920337
23.478991596638654
22.499493414387032
21.310414560161778
20.18951612903226
19.100806451612904
18.06559031281534
17.027355623100306
16.003039513677813
14.996966632962588
14.079556898288017
13.142568250758341
12.259334006054491
11.454361054766734
10.793313069908814
10.388270980788676
10.176946410515672
10.36858006042296
10.786802030456853
11.354187689202826
12.238095238095237
13.06841046277666
14.060483870967742
15.002028397565923
15.983772819472616
16.9746192893401
18.034274193548388
19.1030303030303
20.200404858299596
21.3125
22.425380710659898
23.548780487804876
24.677083333333332
22.759318423855166
21.751765893037337
20.560040363269426
19.405241935483872
18.22593718338399
17.13622603430878
16.12185297079557
15.07381193124368
14.025432349949135
13.011099899091827
12.02532928064843
11.126903553299492
10.283095723014256
9.565656565656566
9.088709677419354
8.84040404040404
9.056968463886063
9.454913880445796
10.163636363636364
11.00915564598169
11.922764227642276
12.966565349544073
13.967479674796747
14.987854251012147
16.012072434607646
17.114026236125127
18.220647773279353
19.40485829959514
20.558676028084253
21.64242424242424
22.844102564102563
23.947257383966246
22.061246040126715
21.002026342451874
19.86815415821501
18.626262626262626
17.419615773508596
16.286147623862487
15.15991902834008
14.116751269035532
13.070281124497992
11.985858585858585
10.929149797570851
9.941896024464832
9.076142131979696
8.25783619817998
7.731041456016178
7.539939332659252
7.812053115423902
8.337361530715006
9.059535822401614
9.88663967611336
10.907801418439716
11.970498474059003
12.920282542885973
14.013171225937183
15.09127789046653
16.228891149542218
17.481331987891018
18.654545454545456
19.856854838709676
21.0
22.1855249745158
23.28
21.50526315789474
20.39511201629328
19.279959718026184
17.995943204868155
16.745967741935484
15.544813695871097
14.422492401215806
13.383991894630192
12.23154701718908
11.074747474747475
9.926337033299697
8.855701311806257
7.949290060851927
7.05668016194332
6.428571428571429
6.119071644803229
6.451971688574318
7.062626262626263
7.923541247484909
8.881937436932391
9.81010101010101
10.944388270980788
12.112903225806452
13.211752786220872
14.348884381338742
15.549439347604485
16.79757085020243
18.024316109422493
19.24821973550356
20.42233502538071
21.674897119341562
22.79157894736842
21.071729957805907
19.925888324873096
18.710526315789473
17.437246963562753
16.275931520644512
15.036400404448939
13.746963562753036
12.606060606060606
11.397177419354838
10.233569261880687
9.078014184397164
7.9122098890010095
6.8149646107178965
5.86175580221998
4.994913530010173
4.554204660587639
5.049645390070922
5.853360488798371
6.80563947633434
7.862903225806452
8.892712550607287
10.060362173038229
11.31578947368421
12.486761710794298
13.702127659574469
14.93089430894309
16.291203235591507
17.480322906155397
18.682139253279516
19.878695208970438
21.132653061224488
22.364978902953588
20.762105263157896
19.65749235474006
18.36842105263158
17.002028397565923
15.78048780487805
14.600606673407482
13.308467741935484
12.077157360406092
10.768378650553878
9.49949545913219
8.286147623862487
6.963488843813387
5.8142131979695435
4.62741116751269
3.581231079717457
2.8954314720812184
3.692849949647533
4.746208291203236
5.832661290322581
7.012121212121212
8.179226069246436
9.491902834008098
10.717171717171718
11.989888776541962
13.208502024291498
14.51008064516129
15.769857433808554
17.074898785425102
18.36097067745197
19.589013224821972
20.847736625514404
22.008519701810435
20.573248407643312
19.452599388379205
18.166160081053697
16.9010101010101
15.55873340143003
14.32258064516129
13.016161616161616
11.739614994934144
10.322188449848024
9.0
7.654471544715447
6.305050505050505
4.959758551307847
3.652482269503546
2.274193548387097
1.0
2.366026289180991
3.6606060606060606
4.9676767676767675
6.287009063444109
7.615384615384615
8.949392712550607
10.32995951417004
11.598584428715874
12.94141414141414
14.261663286004056
15.580020387359838
16.906976744186046
18.088709677419356
19.29817444219067
20.579324462640738
21.73673036093418
20.52542372881356
19.34143870314083
18.117886178861788
16.80808080808081
15.531027466937944
14.217479674796747
12.920892494929006
11.539714867617107
10.26646403242148
8.823766364551863
7.4787878787878785
5.987854251012146
4.511111111111111
2.890010090817356
1.0
2.0
1.0
2.937373737373737
4.521695257315843
5.985929648241206
7.415055951169888
8.816243654822335
10.172764227642276
11.492871690427698
12.77079107505071
14.066937119675456
15.436289500509684
16.74517766497462
17.977777777777778
19.19191919191919
20.482305358948434
21.70347003154574
20.57531380753138
19.430020283975658
18.168356997971603
16.91321897073663
15.55668016194332
14.306370070778565
12.997975708502024
11.696969696969697
10.337033299697275
9.0
7.711402623612512
6.340122199592668
4.951417004048583
3.6205493387589014
2.2580645161290325
1.0
2.2477341389728096
3.628282828282828
5.004048582995951
6.301715438950555
7.631578947368421
9.008080808080807
10.272727272727273
11.564467005076143
12.839632277834525
14.11491935483871
15.383215369059656
16.68080808080808
17.995947315096252
19.2920892494929
20.55249745158002
21.760710553814
20.708029197080293
19.62233502538071
18.447154471544714
17.14457831325301
15.831483350151363
14.609929078014185
13.329625884732053
11.98995983935743
10.681864235055725
9.396761133603238
8.142857142857142
6.9738430583501
5.80241935483871
4.726166328600406
3.7202441505595116
2.967741935483871
3.5740181268882174
4.554773869346733
5.755329949238579
6.94331983805668
8.173957273652086
9.451059535822402
10.709677419354838
11.918781725888325
13.197154471544716
14.38781725888325
15.675403225806452
16.993914807302232
18.20281124497992
19.441624365482234
20.70761421319797
21.908523908523907
21.093220338983052
19.90909090909091
18.75227502527806
17.5337361530715
16.290030211480364
15.046653144016227
13.768996960486323
12.551061678463094
11.305135951661631
10.097165991902834
8.926977687626774
7.823410696266397
6.866396761133603
5.794715447154472
5.012219959266803
4.486761710794298
4.926977687626775
5.785786802030457
6.693548387096774
7.781029263370333
8.968718466195762
10.180261832829808
11.328629032258064
12.525731584258326
13.724417426545086
14.925101214574898
16.1239837398374
17.429003021148038
18.624113475177303
19.931451612903224
21.13821138211382
22.26282722513089
21.515657620041754
20.39551478083588
19.25760649087221
18.054545454545455
16.87057633973711
15.670061099796333
14.553985872855701
13.224696356275304
12.087967644084934
11.013197969543148
9.874493927125506
8.778797145769623
7.828426395939086
7.022267206477733
6.288753799392097
5.961538461538462
6.278058645096056
6.960804020100502
7.838383838383838
8.746720484359233
9.798387096774194
10.936427850655903
12.08611955420466
13.272727272727273
14.416161616161617
15.592705167173252
16.696356275303643
17.924643584521384
19.221774193548388
20.389505549949547
21.636916835699797
22.639915522703273
22.11214953271028
21.004048582995953
19.87385554425229
18.64812942366026
17.524974515800203
16.399393326592516
15.234170854271357
14.098591549295774
13.022267206477732
11.965447154471544
10.84274193548387
9.861195542046605
8.94141414141414
8.247225025227044
7.680161943319838
7.395959595959596
7.569543147208122
8.209255533199196
9.051881993896236
9.913131313131313
10.890020366598778
11.885973763874874
13.0
14.045408678102927
15.141129032258064
16.25783619817998
17.380710659898476
18.61467889908257
19.87005076142132
20.931313131313132
22.071210579857578
23.165079365079364
22.747150259067357
21.682281059063136
20.60040363269425
19.486404833836858
18.290192113245702
17.141981613891726
16.01715438950555
14.989816700610998
14.002028397565923
12.881458966565349
11.852226720647772
10.921212121212122
10.04954499494439
9.405900305188199
8.925176946410515
8.718466195761856
8.908998988877654
9.391480730223124
10.171717171717171
11.002012072434608
11.887991927346116
12.859737638748738
13.866666666666667
14.898580121703853
15.951515151515151
17.055837563451778
18.14574898785425
19.361616161616162
20.54994954591322
21.68825910931174
22.720081135902635
23.754497354497353
23.452256033578173
22.400202634245186
21.34817813765182
20.158536585365855
19.073662966700304
17.96865520728008
16.924165824064712
15.93427704752275
14.94141414141414
13.863773965691221
12.894736842105264
11.979757085020243
11.247967479674797
10.658536585365853
10.28169014084507
10.103030303030303
10.319514661274015
10.699492385786803
11.345454545454546
12.103658536585366
12.995951417004049
13.88169868554095
14.8582995951417
15.892028254288597
16.90707070707071
17.938321536905967
18.99696663296259
20.120323559150656
21.288888888888888
22.373346897253306
23.44399185336049
24.558359621451103
24.22397476340694
23.189079878665318
22.104145601617795
21.06962663975782
20.005065856129686
18.946301925025328
17.926038500506586
16.903943377148636
15.96975806451613
14.967545638945234
13.982741116751269
13.165991902834008
12.42020202020202
11.927492447129909
11.572874493927126
11.478172588832487
11.608695652173912
11.963562753036438
12.59475806451613
13.325252525252525
14.076612903225806
14.96774193548387
15.92806484295846
16.91624621594349
17.835519677093846
18.870967741935484
19.925403225806452
21.017223910840933
22.083333333333332
23.16581892166836
24.307456588355464
25.38672286617492
25.09437963944857
24.08443540183113
23.060606060606062
21.995967741935484
20.93427704752275
19.972754793138243
18.89068825910931
17.940222897669706
16.981781376518217
16.08157099697885
15.192346424974824
14.372233400402415
13.661257606490873
13.207317073170731
12.908173562058527
12.860887096774194
12.926337033299697
13.254545454545454
13.79128672745694
14.424242424242424
15.261663286004056
16.057517658930372
16.975659229208926
17.92494929006085
18.88372093023256
19.830303030303032
20.85279187817259
21.88821752265861
22.94822335025381
24.030364372469634
25.130699088145896
26.13536201469045
26.017913593256058
25.016260162601625
24.023397761953206
22.935613682092555
21.856854838709676
20.876767676767678
19.88933601609658
18.998984771573603
18.05177664974619
17.171573604060914
16.291497975708502
15.559837728194726
14.919517102615695
14.52008032128514
14.23262839879154
14.081218274111675
14.221095334685598
14.503538928210313
15.062563067608476
15.654894046417759
16.390514631685168
17.18869828456105
18.00808080808081
18.958627648839556
19.879275653923543
20.865248226950353
21.861476238624874
22.902316213494462
23.956345177664975
24.998988877654195
26.060728744939272
27.066808059384943
26.881104033970274
25.86652977412731
24.901322482197354
23.925101214574898
22.89271255060729
21.908906882591094
20.924318869828458
20.001011122345805
19.15212981744422
18.260913705583757
17.468559837728193
16.769464105156725
16.166497461928934
15.736629667003028
15.47623862487361
15.409321175278622
15.518630412890232
15.758409785932722
16.258392675483215
16.83417593528817
17.551061678463093
18.279515640766903
19.133874239350913
20.01519756838906
20.977867203219315
21.935091277890468
22.875379939209726
23.843276036400404
24.92951991828396
25.932117527862207
26.89816700610998
27.975814931650895
27.891514500537056
26.854508196721312
25.920245398773005
24.941414141414143
23.849646821392533
22.85427135678392
22.006048387096776
21.069908814589667
20.176946410515672
19.35490394337715
18.576923076923077
17.967709384460143
17.43610547667343
17.03531786074672
16.835699797160242
16.800405268490376
16.907444668008047
17.09422492401216
17.547667342799187
18.04259634888438
18.696663296258848
19.40688259109312
20.247967479674795
21.139653414882773
21.98270600203459
22.967611336032387
23.902834008097166
24.88259109311741
25.856852791878172
26.832826747720365
27.84285714285714
28.823404255319147
28.84673097534834
27.811534500514934
26.919633774160733
25.94822335025381
24.91446028513238
23.950455005055613
23.020242914979757
22.155555555555555
21.36105476673428
20.466666666666665
19.819289340101523
19.30597771023303
18.727456940222897
18.32861476238625
18.091185410334347
18.10435663627153
18.167846309403437
18.410931174089068
18.819009100101113
19.332657200811358
19.933333333333334
20.58148893360161
21.414882772680937
22.22828282828283
23.09591836734694
24.00408163265306
24.94651866801211
25.880566801619434
26.78498985801217
27.83418107833164
28.80327868852459
29.813304721030043
29.736501079913605
28.79093717816684
27.898580121703855
26.9438202247191
25.946192893401015
24.977642276422763
24.128672745694022
23.267893660531698
22.42222222222222
21.629929221435795
20.973657548125633
20.425101214574898
19.95519348268839
19.58989898989899
19.34077079107505
19.351460221550855
19.435401831129198
19.737903225806452
20.048582995951417
20.52121212121212
21.165656565656565
21.788306451612904
22.558022199798184
23.36969696969697
24.135902636916835
25.01314459049545
25.87790110998991
26.86349848331648
27.81661600810537
28.84049079754601
29.782969885773625
30.77204301075269
30.609783845278727
29.72151898734177
28.858031088082903
27.922918807810895
26.984678243105208
26.09514170040486
25.236548223350255
24.387755102040817
23.589795918367347
22.817622950819672
22.144750254842
21.55193482688391
21.17911975435005
20.85786802030457
20.59090909090909
20.568667344862664
20.675456389452332
20.963636363636365
21.22685656154629
21.69441624365482
22.248736097067745
22.888097660223806
23.670081967213115
24.39325842696629
25.208970438328237
25.995910020449898
26.874361593462716
27.84984678243105
28.834355828220858
29.81282316442606
30.711297071129707
31.626799557032115
31.44938271604938
30.648106904231625
29.823151125401928
28.902748414376322
27.982124079915877
27.04311251314406
26.206315789473685
25.429473684210528
24.619450317124734
23.902748414376322
23.213080168776372
22.669447340980188
22.290870488322717
22.02125398512221
21.78335112059765
21.7449947312961
21.858947368421052
22.10810810810811
22.423517169614986
22.869747899159663
23.38095238095238
24.029535864978904
24.735169491525422
25.52481520591341
26.261702127659575
27.083511777301926
27.89171974522293
28.82040382571732
29.798301486199577
30.700745473908412
31.57486338797814
32.42002442002442
