0.0
0.001
0.001
0.001
0.0
0.0
0.0
0.0
0.0
0.0
0.001
0.0
0.0
0.0
0.0
0.0
0.0
0.0
0.0
0.0
0.0
0.0
0.0
0.0
0.0
0.0
0.0
0.0
0.0
0.0
0.0
0.0
0.0
0.0
0.0
0.0
0.0
0.0
0.0
0.0
0.0
0.0
0.0
0.001
0.0
0.001
0.0
0.0
0.0
0.0
0.001
0.001
0.001
0.0
0.0
0.0
0.0
0.0
0.0
0.0
0.0
0.0
0.0
0.0
0.0
0.0
0.002
0.0
0.0
0.0
0.0
0.0
0.0
0.0
0.001
0.007
0.0
0.002
0.0
0.0
0.0
0.001
0.001
0.001
0.001
0.0
0.001
0.0
0.0
0.0
0.0
0.0
0.0
0.0
0.0
0.0
0.0
0.002
0.013
0.001
0.0
0.0
0.0
0.0
0.001
0.001
0.007
0.096
0.005
0.0
0.0
0.0
0.0
0.0
0.0
0.0
0.0
0.0
0.0
0.0
0.0
0.0
0.0
0.0
0.0
0.0
0.0
0.0
0.0
0.0
0.002
0.001
0.0
0.0
0.0
0.0
0.0
0.0
0.001
0.009
0.0
0.0
0.0
0.0
0.0
0.0
0.0
0.0
0.0
0.0
0.0
0.0
0.0
0.0
0.0
0.0
0.0
0.0
0.0
0.0
0.0
0.0
0.0
0.0
0.0
0.0
0.0
0.0
0.0
0.0
0.0
0.001
0.0
0.0
0.0
0.0
0.0
0.0
0.0
0.0
0.0
0.0
0.0
0.0
0.0
0.0
0.0
0.0
0.0
0.0
0.0
0.0
0.0
0.0
0.0
0.0
0.0
0.0
0.0
0.0
0.0
0.0
0.001
0.0
0.0
0.0
0.0
0.0
0.001
0.0
0.0
0.0
0.0
0.0
0.0
0.0
0.0
0.0
0.0
0.0
0.0
0.0
0.0
0.0
0.0
0.0
0.0
0.0
0.0
0.0
0.0
0.001
0.002
0.0
0.0
0.0
0.0
0.0
0.0
0.0
0.0
0.0
0.0
0.0
0.0
0.0
0.0
0.0
0.0
0.0
0.001
0.0
0.0
0.0
0.0
0.0
0.0
0.0
0.0
0.0
0.0
0.0
0.0
0.003
0.016
0.003
0.0
0.0
0.0
0.0
0.0
0.0
0.0
0.0
0.0
0.0
0.0
0.0
0.0
0.0
0.0
0.0
0.001
0.0
0.0
0.0
0.0
0.0
0.0
0.0
0.0
0.0
0.0
0.0
0.0
0.0
0.004
0.001
0.0
0.0
0.0
0.0
0.0
0.0
0.0
0.0
0.0
0.0
0.0
0.0
0.0
0.0
0.0
0.0
0.0
0.0
0.0
0.0
0.0
0.0
0.0
0.0
0.0
0.0
0.0
0.0
0.001
0.0
0.0
0.0
0.0
0.0
0.0
0.0
0.0
0.0
0.0
0.0
0.0
0.0
0.0
0.0
0.0
0.0
0.0
0.0
0.0
0.0
0.0
0.0
0.0
0.0
0.0
0.0
0.0
0.0
0.0
0.0
0.0
0.0
0.0
0.0
0.0
0.0
0.0
0.0
0.0
0.001
0.0
0.0
0.0
0.0
0.0
0.0
0.0
0.0
0.0
0.0
0.0
0.0
0.0
0.0
0.001
0.001
0.0
0.0
0.0
0.0
0.0
0.0
0.0
0.0
0.0
0.0
0.0
0.0
0.0
0.0
0.001
0.001
0.001
0.0
0.0
0.0
0.0
0.0
0.0
0.0
0.0
0.0
0.0
0.0
0.0
0.0
0.0
0.0
0.0
0.0
0.0
0.0
0.0
0.0
0.0
0.0
0.0
0.0
0.0
0.0
0.0
0.0
0.006
0.008
0.004
0.0
0.0
0.0
0.0
0.0
0.001
0.0
0.0
0.0
0.0
0.0
0.0
0.0
0.0
0.0
0.0
0.0
0.0
0.0
0.0
0.0
0.0
0.0
0.0
0.0
0.0
0.0
0.0
0.004
0.024
0.101
0.022
0.005
0.0
0.0
0.0
0.0
0.011
0.003
0.0
0.0
0.0
0.0
0.0
0.0
0.0
0.0
0.0
0.0
0.0
0.0
0.0
0.0
0.0
0.0
0.0
0.0
0.0
0.0
0.001
0.013
0.091
1.0
0.102
0.01
0.001
0.0
0.0
0.0
0.0
0.0
0.0
0.0
0.0
0.0
0.0
0.0
0.0
0.0
0.0
0.0
0.0
0.0
0.0
0.0
0.0
0.0
0.0
0.0
0.0
0.0
0.0
0.003
0.02
0.105
0.016
0.003
0.0
0.0
0.0
0.0
0.0
0.0
0.0
0.0
0.0
0.0
0.0
0.0
0.0
0.0
0.0
0.0
0.0
0.0
0.001
0.001
0.0
0.0
0.0
0.0
0.0
0.0
0.0
0.0
0.001
0.012
0.003
0.001
0.0
0.0
0.0
0.0
0.0
0.0
0.0
0.0
0.0
0.0
0.0
0.0
0.0
0.0
0.0
0.0
0.0
0.0
0.0
0.001
0.0
0.0
0.0
0.0
0.0
0.0
0.0
0.0
0.0
0.0
0.0
0.0
0.0
0.0
0.0
0.0
0.0
0.0
0.0
0.0
0.0
0.0
0.0
0.0
0.0
0.0
0.0
0.0
0.0
0.0
0.0
0.0
0.0
0.001
0.002
0.001
0.0
0.0
0.0
0.0
0.0
0.0
0.0
0.0
0.0
0.0
0.0
0.0
0.0
0.0
0.0
0.0
0.0
0.0
0.0
0.0
0.0
0.0
0.0
0.0
0.0
0.0
0.0
0.0
0.0
0.001
0.0
0.0
0.0
0.0
0.0
0.0
0.0
0.0
0.0
0.0
0.0
0.0
0.0
0.0
0.001
0.0
0.0
0.0
0.0
0.0
0.0
0.0
0.0
0.0
0.0
0.0
0.0
0.0
0.0
0.0
0.0
0.0
0.0
0.0
0.0
0.0
0.0
0.0
0.0
0.0
0.0
0.001
0.0
0.0
0.0
0.0
0.0
0.0
0.0
0.0
0.0
0.0
0.0
0.0
0.0
0.0
0.0
0.0
0.0
0.0
0.0
0.0
0.0
0.0
0.0
0.0
0.0
0.0
0.0
0.0
0.0
0.0
0.0
0.004
0.0
0.0
0.0
0.0
0.0
0.0
0.0
0.0
0.0
0.0
0.0
0.0
0.0
0.0
0.0
0.0
0.0
0.0
0.0
0.0
0.0
0.0
0.0
0.0
0.0
0.0
0.0
0.0
0.0
0.0
0.001
0.002
0.0
0.0
0.0
0.0
0.002
0.005
0.003
0.0
0.0
0.0
0.0
0.0
0.0
0.0
0.0
0.0
0.0
0.0
0.0
0.0
0.0
0.0
0.0
0.0
0.0
0.0
0.0
0.0
0.0
0.0
0.0
0.0
0.0
0.0
0.0
0.0
0.001
0.001
0.002
0.0
0.0
0.0
0.0
0.0
0.0
0.0
0.0
0.0
0.0
0.0
0.0
0.0
0.0
0.0
0.001
0.0
0.0
0.0
0.0
0.0
0.0
0.0
0.0
0.0
0.0
0.0
0.0
0.0
0.0
0.0
0.0
0.0
0.0
0.002
0.0
0.0
0.0
0.0
0.0
0.0
0.0
0.0
0.0
0.0
0.0
0.0
0.0
0.0
0.0
0.0
0.0
0.0
0.0
0.0
0.0
0.0
0.0
0.0
0.001
0.01
0.002
0.0
0.0
0.0
0.0
0.0
0.001
0.0
0.0
0.0
0.0
0.0
0.0
0.0
0.0
0.0
0.0
0.0
0.0
0.0
0.0
0.0
0.0
0.0
0.0
0.0
0.0
0.0
0.0
0.0
0.0
0.001
0.0
0.0
0.0
0.0
0.0
0.0
0.0
0.0
0.0
0.0
0.001
0.0
0.0
0.0
0.0
0.0
0.0
0.0
0.0
0.0
0.0
0.0
0.0
0.0
0.0
0.0
0.0
0.0
0.0
0.0
0.0
0.0
0.0
0.0
0.0
0.0
0.0
0.0
0.0
0.0
0.0
0.0
0.001
0.0
0.0
0.0
0.0
0.0
0.0
0.0
0.0
0.001
0.0
0.0
0.0
0.0
0.0
0.0
0.0
0.0
0.0
0.0
0.0
0.0
0.0
0.0
0.0
0.0
0.0
0.0
0.0
0.0
0.0
0.0
0.0
0.0
0.0
0.0
0.0
0.0
0.0
0.0
0.001
0.0
0.0
0.0
0.0
0.0
0.0
0.0
0.0
0.0
0.0
0.0
0.0
0.0
0.0
0.0
0.0
0.0
0.0
0.0
0.0
0.0
0.0
0.0
0.0
0.0
0.0
0.0
0.0
0.0
0.0
0.0
0.0
0.0
0.0
0.0
0.0
0.0
0.0
0.0
0.0
0.0
0.0
0.0
0.0
0.0
0.0
0.0
0.0
0.0
0.0
0.0
0.0
0.0
0.0
0.0
0.223
0.134
0.143
0.205
0.152
0.197
0.173
0.229
0.167
0.205
0.183
0.133
0.08
0.081
0.094
0.15
0.121
0.118
0.153
0.086
0.089
0.172
0.162
0.253
0.198
0.151
0.101
0.121
0.17
0.218
0.134
0.113
0.156
0.162
0.215
0.218
0.203
0.203
0.169
0.259
0.213
0.198
0.172
0.147
0.145
0.139
0.17
0.204
0.166
0.193
0.239
0.146
0.144
0.223
0.245
0.186
0.261
0.15
0.151
0.245
0.204
0.227
0.236
0.14
0.264
0.269
0.292
0.251
0.197
0.22
0.163
0.179
0.224
0.207
0.226
0.237
0.246
0.26
0.233
0.176
0.163
0.162
0.214
0.241
0.174
0.175
0.249
0.176
0.16
0.149
0.201
0.204
0.234
0.256
0.227
0.178
0.176
0.187
0.281
0.23
0.195
0.192
0.195
0.209
0.267
0.318
0.275
0.401
0.238
0.206
0.222
0.225
0.195
0.166
0.244
0.219
0.169
0.16
0.199
0.179
0.164
0.186
0.192
0.176
0.224
0.237
0.253
0.17
0.124
0.135
0.169
0.181
0.18
0.212
0.179
0.177
0.237
0.314
0.242
0.252
0.224
0.279
0.33
0.32
0.262
0.176
0.153
0.228
0.255
0.218
0.267
0.229
0.176
0.139
0.173
0.171
0.179
0.227
0.174
0.23
0.21
0.2
0.148
0.135
0.152
0.141
0.172
0.167
0.23
0.21
0.208
0.247
0.26
0.275
0.266
0.295
0.243
0.215
0.164
0.169
0.169
0.202
0.237
0.216
0.227
0.147
0.127
0.142
0.215
0.205
0.145
0.127
0.2
0.142
0.147
0.117
0.12
0.158
0.202
0.232
0.246
0.262
0.28
0.264
0.288
0.239
0.254
0.258
0.3
0.241
0.216
0.226
0.164
0.2
0.224
0.206
0.245
0.154
0.135
0.16
0.183
0.261
0.141
0.129
0.161
0.164
0.18
0.136
0.166
0.201
0.23
0.252
0.295
0.292
0.197
0.171
0.233
0.238
0.304
0.339
0.325
0.274
0.232
0.254
0.157
0.137
0.141
0.198
0.185
0.165
0.234
0.207
0.221
0.182
0.143
0.146
0.15
0.168
0.181
0.155
0.171
0.172
0.186
0.256
0.36
0.242
0.233
0.196
0.194
0.197
0.305
0.293
0.302
0.221
0.229
0.246
0.18
0.131
0.144
0.175
0.184
0.211
0.191
0.195
0.235
0.189
0.178
0.17
0.198
0.182
0.163
0.19
0.241
0.244
0.223
0.24
0.245
0.235
0.227
0.203
0.199
0.168
0.234
0.256
0.243
0.207
0.231
0.225
0.22
0.194
0.16
0.197
0.242
0.218
0.166
0.159
0.241
0.16
0.15
0.137
0.19
0.338
0.239
0.204
0.207
0.274
0.282
0.238
0.186
0.203
0.194
0.209
0.177
0.173
0.294
0.257
0.188
0.179
0.245
0.21
0.206
0.198
0.188
0.323
0.271
0.224
0.203
0.183
0.164
0.153
0.158
0.191
0.153
0.271
0.246
0.198
0.264
0.198
0.203
0.231
0.156
0.169
0.242
0.2
0.207
0.184
0.211
0.224
0.177
0.239
0.215
0.294
0.204
0.212
0.241
0.285
0.262
0.203
0.166
0.194
0.226
0.176
0.251
0.258
0.118
0.216
0.23
0.176
0.234
0.15
0.153
0.219
0.151
0.141
0.189
0.209
0.159
0.236
0.232
0.237
0.205
0.271
0.285
0.216
0.32
0.217
0.257
0.213
0.184
0.17
0.208
0.226
0.324
0.24
0.242
0.191
0.118
0.143
0.212
0.228
0.173
0.129
0.134
0.15
0.191
0.182
0.177
0.233
0.182
0.268
0.317
0.307
0.286
0.218
0.196
0.179
0.271
0.279
0.226
0.193
0.174
0.188
0.171
0.177
0.194
0.161
0.155
0.178
0.149
0.135
0.169
0.259
0.222
0.162
0.193
0.19
0.209
0.176
0.152
0.185
0.243
0.297
0.397
0.452
0.289
0.258
0.226
0.179
0.253
0.202
0.275
0.276
0.191
0.21
0.22
0.213
0.216
0.181
0.148
0.114
0.109
0.134
0.153
0.164
0.199
0.228
0.173
0.161
0.157
0.136
0.148
0.236
0.282
0.296
0.494
1.0
0.42
0.285
0.195
0.179
0.177
0.178
0.25
0.281
0.269
0.215
0.248
0.267
0.191
0.264
0.238
0.124
0.139
0.184
0.19
0.158
0.124
0.172
0.22
0.169
0.2
0.142
0.14
0.207
0.214
0.281
0.403
0.464
0.313
0.275
0.2
0.165
0.175
0.182
0.287
0.291
0.281
0.265
0.275
0.192
0.166
0.203
0.184
0.143
0.108
0.142
0.235
0.179
0.139
0.203
0.283
0.192
0.197
0.126
0.12
0.155
0.202
0.312
0.331
0.265
0.262
0.236
0.217
0.161
0.151
0.199
0.236
0.303
0.241
0.289
0.263
0.176
0.19
0.155
0.158
0.106
0.126
0.113
0.175
0.153
0.153
0.175
0.23
0.221
0.236
0.16
0.149
0.143
0.198
0.335
0.272
0.229
0.215
0.213
0.28
0.242
0.149
0.175
0.26
0.235
0.27
0.237
0.221
0.156
0.138
0.142
0.173
0.149
0.127
0.104
0.131
0.169
0.153
0.195
0.202
0.213
0.271
0.179
0.179
0.142
0.228
0.263
0.262
0.26
0.163
0.147
0.166
0.19
0.16
0.185
0.249
0.254
0.261
0.316
0.217
0.161
0.18
0.193
0.176
0.113
0.092
0.121
0.133
0.134
0.181
0.178
0.186
0.19
0.182
0.237
0.176
0.158
0.208
0.191
0.216
0.246
0.209
0.22
0.233
0.176
0.168
0.233
0.286
0.204
0.209
0.194
0.207
0.181
0.246
0.19
0.202
0.138
0.133
0.146
0.189
0.151
0.184
0.182
0.153
0.189
0.197
0.205
0.245
0.216
0.168
0.183
0.14
0.15
0.185
0.229
0.233
0.201
0.205
0.18
0.223
0.241
0.208
0.18
0.222
0.213
0.183
0.247
0.248
0.274
0.179
0.187
0.177
0.169
0.196
0.148
0.141
0.151
0.241
0.249
0.242
0.164
0.14
0.141
0.131
0.131
0.192
0.28
0.227
0.16
0.128
0.15
0.245
0.224
0.181
0.17
0.163
0.202
0.176
0.208
0.203
0.267
0.153
0.202
0.259
0.183
0.175
0.183
0.172
0.172
0.229
0.234
0.198
0.149
0.125
0.142
0.191
0.172
0.29
0.241
0.173
0.187
0.151
0.157
0.253
0.312
0.256
0.186
0.164
0.233
0.21
0.215
0.241
0.2
0.179
0.307
0.272
0.247
0.187
0.171
0.168
0.193
0.309
0.281
0.277
0.198
0.152
0.178
0.155
0.217
0.23
0.245
0.187
0.232
0.205
0.206
0.244
0.275
0.267
0.252
0.194
0.204
0.233
0.191
0.186
0.156
0.2
0.283
0.247
0.29
0.21
0.201
0.232
0.286
0.292
0.32
0.215
0.181
0.196
0.206
0.206
0.221
0.235
0.201
0.178
0.22
0.196
0.254
0.226
0.298
0.229
0.287
0.22
0.264
0.305
0.307
0.254
0.277
0.181
0.186
0.272
0.233
0.201
0.247
0.246
0.252
0.202
0.265
0.266
0.263
0.21
0.186
0.207
0.22
0.201
0.19
0.25
0.228
0.23
0.277
0.249
0.227
0.242
0.231
0.195
0.237
0.315
0.313
0.302
0.253
0.132
0.22
0.242
0.265
0.274
0.213
0.231
0.194
0.166
0.168
0.165
0.22
0.216
0.201
0.291
0.212
0.167
0.179
0.261
0.224
0.239
0.211
0.275
0.19
0.179
0.249
0.186
0.215
0.254
0.228
0.287
0.227
0.165
0.186
0.268
0.311
0.256
0.243
0.237
0.159
0.156
0.139
0.149
0.178
0.216
0.211
0.22
0.22
0.216
0.196
0.203
0.197
0.254
0.195
0.282
0.178
0.158
0.197
0.215
0.217
0.2
0.237
0.256
0.227
0.166
0.207
0.242
0.305
0.196
0.256
0.21
0.165
0.171
0.182
0.167
0.25
0.228
0.204
0.262
0.262
0.208
0.218
0.178
0.189
0.147
0.166
0.282
0.161
0.187
0.251
0.211
0.236
0.253
0.217
0.196
0.205
0.195
0.171
0.175
0.217
0.178
0.208
0.209
0.238
0.23
0.208
0.183
0.211
0.185
0.241
0.24
0.243
0.169
0.16
0.123
0.119
0.119
0.133
0.208
0.136
0.135
0.154
0.145
0.146
0.184
0.145
0.13
0.107
0.154
0.198
0.13
0.132
0.209
0.225
0.166
0.132
0.157
0.166
0.154
0.184
0.226
0.21
0.202
0.131
0.099
0.088
0.104
0.105
0.172
0.159
0.193
0.112
0.125
0.137
0.139
0.109
0.194
0.146
0.09
0.115
0.898
0.764
0.802
0.905
0.796
0.905
0.886
0.92
0.833
0.906
0.906
0.836
0.738
0.727
0.758
0.859
0.854
0.793
0.842
0.74
0.728
0.869
0.815
0.95
0.901
0.843
0.746
0.759
0.856
0.938
0.799
0.765
0.784
0.827
0.899
0.92
0.916
0.925
0.871
0.949
0.924
0.906
0.862
0.854
0.892
0.854
0.895
0.931
0.913
0.935
0.936
0.837
0.847
0.923
0.95
0.887
0.944
0.849
0.862
0.952
0.926
0.923
0.924
0.76
0.942
0.948
0.948
0.938
0.868
0.925
0.874
0.87
0.907
0.897
0.913
0.915
0.926
0.931
0.934
0.868
0.861
0.876
0.919
0.95
0.906
0.876
0.951
0.867
0.853
0.862
0.907
0.92
0.925
0.947
0.95
0.859
0.854
0.87
0.939
0.921
0.913
0.914
0.921
0.912
0.942
0.96
0.929
0.927
0.881
0.873
0.873
0.907
0.866
0.858
0.957
0.918
0.878
0.863
0.904
0.857
0.857
0.912
0.9
0.888
0.938
0.933
0.949
0.876
0.782
0.831
0.849
0.897
0.903
0.934
0.912
0.86
0.92
0.954
0.919
0.924
0.884
0.942
0.953
0.953
0.93
0.879
0.861
0.934
0.929
0.918
0.95
0.929
0.91
0.87
0.906
0.915
0.899
0.928
0.886
0.931
0.922
0.931
0.861
0.868
0.915
0.872
0.85
0.888
0.942
0.9
0.882
0.932
0.939
0.943
0.929
0.936
0.88
0.909
0.862
0.866
0.872
0.918
0.931
0.916
0.939
0.862
0.846
0.883
0.932
0.915
0.86
0.789
0.908
0.885
0.905
0.849
0.862
0.868
0.901
0.941
0.926
0.923
0.94
0.946
0.958
0.895
0.924
0.913
0.953
0.926
0.918
0.935
0.844
0.893
0.942
0.913
0.932
0.851
0.852
0.849
0.864
0.962
0.85
0.837
0.873
0.905
0.903
0.849
0.893
0.913
0.936
0.922
0.946
0.957
0.891
0.886
0.934
0.917
0.947
0.961
0.956
0.945
0.929
0.936
0.853
0.857
0.85
0.91
0.86
0.849
0.93
0.903
0.912
0.888
0.85
0.855
0.857
0.901
0.906
0.86
0.844
0.866
0.884
0.92
0.96
0.888
0.923
0.915
0.888
0.86
0.959
0.936
0.948
0.88
0.92
0.949
0.918
0.855
0.861
0.895
0.878
0.935
0.919
0.912
0.926
0.914
0.907
0.914
0.9
0.871
0.864
0.894
0.916
0.916
0.907
0.918
0.913
0.918
0.917
0.919
0.905
0.863
0.915
0.917
0.939
0.927
0.906
0.918
0.93
0.912
0.858
0.877
0.95
0.923
0.875
0.874
0.938
0.876
0.9
0.871
0.872
0.962
0.916
0.91
0.904
0.939
0.941
0.906
0.87
0.915
0.923
0.92
0.876
0.871
0.956
0.927
0.875
0.881
0.93
0.9
0.922
0.923
0.875
0.956
0.928
0.917
0.905
0.907
0.878
0.833
0.861
0.925
0.794
0.935
0.92
0.89
0.956
0.877
0.908
0.929
0.868
0.861
0.944
0.922
0.941
0.868
0.919
0.926
0.858
0.937
0.888
0.958
0.908
0.906
0.921
0.953
0.942
0.907
0.875
0.91
0.912
0.881
0.929
0.942
0.751
0.895
0.932
0.883
0.928
0.855
0.852
0.903
0.872
0.868
0.908
0.917
0.887
0.933
0.895
0.919
0.867
0.934
0.95
0.883
0.96
0.876
0.948
0.922
0.914
0.877
0.895
0.919
0.963
0.933
0.917
0.876
0.823
0.838
0.905
0.914
0.885
0.838
0.845
0.864
0.914
0.912
0.915
0.931
0.898
0.924
0.951
0.928
0.937
0.911
0.874
0.863
0.933
0.936
0.891
0.87
0.865
0.893
0.865
0.87
0.895
0.886
0.864
0.89
0.825
0.824
0.859
0.925
0.943
0.868
0.89
0.904
0.937
0.906
0.868
0.879
0.944
0.945
0.945
0.927
0.878
0.912
0.912
0.884
0.947
0.884
0.906
0.947
0.879
0.896
0.918
0.936
0.938
0.887
0.847
0.743
0.74
0.825
0.85
0.857
0.914
0.937
0.884
0.905
0.877
0.86
0.916
0.944
0.943
0.922
0.952
1.0
0.91
0.917
0.889
0.911
0.875
0.869
0.902
0.943
0.946
0.882
0.928
0.95
0.879
0.947
0.939
0.756
0.827
0.896
0.915
0.866
0.847
0.887
0.93
0.869
0.929
0.857
0.872
0.912
0.872
0.921
0.949
0.949
0.89
0.928
0.913
0.874
0.928
0.888
0.952
0.931
0.944
0.92
0.937
0.86
0.864
0.926
0.915
0.829
0.754
0.838
0.951
0.906
0.869
0.913
0.947
0.882
0.921
0.847
0.85
0.855
0.855
0.954
0.949
0.905
0.934
0.909
0.926
0.873
0.877
0.936
0.925
0.95
0.892
0.946
0.945
0.868
0.879
0.855
0.891
0.753
0.845
0.825
0.909
0.881
0.899
0.872
0.916
0.913
0.94
0.881
0.891
0.848
0.862
0.955
0.928
0.917
0.899
0.876
0.955
0.931
0.86
0.869
0.948
0.929
0.936
0.89
0.91
0.833
0.856
0.859
0.894
0.828
0.837
0.826
0.86
0.907
0.871
0.916
0.926
0.929
0.954
0.894
0.901
0.865
0.944
0.948
0.929
0.952
0.867
0.855
0.881
0.911
0.903
0.883
0.929
0.944
0.928
0.955
0.922
0.859
0.914
0.913
0.902
0.761
0.775
0.888
0.883
0.865
0.907
0.915
0.922
0.918
0.887
0.932
0.888
0.871
0.907
0.88
0.921
0.945
0.918
0.911
0.924
0.866
0.87
0.943
0.946
0.889
0.914
0.876
0.92
0.89
0.936
0.862
0.897
0.78
0.855
0.85
0.906
0.857
0.926
0.916
0.888
0.919
0.91
0.886
0.942
0.931
0.877
0.906
0.836
0.851
0.907
0.918
0.922
0.903
0.894
0.879
0.918
0.937
0.918
0.87
0.94
0.935
0.895
0.944
0.955
0.931
0.9
0.913
0.871
0.877
0.93
0.886
0.858
0.87
0.937
0.914
0.938
0.85
0.834
0.865
0.855
0.845
0.871
0.944
0.914
0.876
0.843
0.866
0.937
0.905
0.889
0.902
0.881
0.92
0.884
0.911
0.892
0.939
0.871
0.892
0.934
0.879
0.861
0.92
0.904
0.863
0.908
0.928
0.882
0.84
0.825
0.847
0.922
0.863
0.953
0.931
0.881
0.917
0.861
0.87
0.916
0.941
0.94
0.876
0.868
0.939
0.921
0.915
0.935
0.87
0.883
0.957
0.948
0.946
0.852
0.875
0.878
0.881
0.955
0.928
0.932
0.902
0.872
0.896
0.88
0.918
0.919
0.942
0.88
0.936
0.911
0.908
0.922
0.927
0.933
0.908
0.87
0.913
0.91
0.874
0.876
0.809
0.883
0.939
0.905
0.955
0.874
0.917
0.909
0.953
0.944
0.952
0.889
0.88
0.902
0.911
0.926
0.915
0.913
0.923
0.889
0.925
0.885
0.933
0.87
0.948
0.887
0.945
0.923
0.921
0.947
0.94
0.932
0.938
0.848
0.871
0.947
0.925
0.893
0.949
0.933
0.951
0.887
0.938
0.935
0.94
0.918
0.878
0.886
0.921
0.91
0.885
0.949
0.924
0.906
0.927
0.912
0.919
0.936
0.92
0.882
0.916
0.955
0.954
0.941
0.925
0.773
0.917
0.919
0.947
0.939
0.917
0.924
0.905
0.86
0.839
0.861
0.937
0.914
0.881
0.957
0.912
0.882
0.862
0.936
0.917
0.915
0.89
0.933
0.877
0.874
0.95
0.884
0.909
0.937
0.892
0.95
0.878
0.834
0.857
0.937
0.958
0.914
0.924
0.932
0.864
0.906
0.846
0.852
0.867
0.908
0.911
0.923
0.93
0.913
0.917
0.911
0.882
0.953
0.89
0.94
0.86
0.85
0.925
0.921
0.911
0.879
0.921
0.951
0.913
0.876
0.905
0.915
0.954
0.878
0.941
0.904
0.88
0.904
0.916
0.875
0.942
0.914
0.896
0.948
0.948
0.912
0.943
0.907
0.901
0.863
0.865
0.952
0.88
0.905
0.932
0.916
0.94
0.948
0.92
0.887
0.892
0.902
0.858
0.863
0.91
0.882
0.92
0.906
0.941
0.927
0.902
0.913
0.918
0.873
0.923
0.941
0.925
0.852
0.879
0.82
0.834
0.864
0.868
0.912
0.844
0.858
0.861
0.845
0.862
0.892
0.857
0.811
0.752
0.781
0.922
0.753
0.761
0.914
0.912
0.862
0.778
0.852
0.848
0.856
0.877
0.931
0.881
0.904
0.764
0.707
0.72
0.8
0.761
0.901
0.879
0.9
0.783
0.834
0.84
0.828
0.778
0.845
0.846
0.739
0.732
0.991
0.956
0.966
0.993
0.975
0.996
0.989
0.996
0.969
0.996
0.995
0.98
0.959
0.953
0.955
0.988
0.986
0.966
0.986
0.962
0.967
0.99
0.964
0.997
0.989
0.987
0.963
0.956
0.983
0.998
0.961
0.958
0.969
0.988
0.994
0.995
0.995
0.995
0.994
0.998
0.993
0.998
0.988
0.992
0.994
0.993
0.996
0.998
0.994
0.998
0.996
0.99
0.989
0.998
0.998
0.984
0.998
0.983
0.988
0.998
0.994
0.994
0.997
0.962
0.997
0.997
0.998
0.997
0.988
0.995
0.992
0.99
0.996
0.989
0.994
0.995
0.997
0.997
0.997
0.994
0.987
0.99
0.996
0.997
0.994
0.992
0.998
0.989
0.989
0.993
0.993
0.996
0.994
0.997
0.997
0.992
0.988
0.99
0.998
0.996
0.993
0.995
0.996
0.995
0.996
0.997
0.994
0.996
0.986
0.988
0.986
0.997
0.988
0.989
0.998
0.998
0.992
0.988
0.995
0.99
0.986
0.994
0.995
0.986
0.998
0.995
0.998
0.989
0.958
0.984
0.986
0.996
0.994
0.997
0.995
0.989
0.994
0.998
0.994
0.996
0.99
0.997
0.998
0.998
0.997
0.984
0.987
0.997
0.998
0.995
0.997
0.998
0.996
0.992
0.994
0.996
0.984
0.994
0.982
0.997
0.995
0.996
0.984
0.986
0.991
0.996
0.989
0.989
0.995
0.989
0.988
0.995
0.996
0.996
0.996
0.997
0.99
0.994
0.987
0.99
0.984
0.993
0.994
0.99
0.998
0.984
0.99
0.983
0.996
0.994
0.981
0.956
0.997
0.99
0.995
0.985
0.986
0.993
0.995
0.998
0.996
0.995
0.997
0.998
0.997
0.989
0.998
0.993
0.998
0.998
0.994
0.997
0.988
0.992
0.996
0.996
0.998
0.988
0.992
0.986
0.987
0.997
0.995
0.986
0.99
0.997
0.997
0.99
0.995
0.997
0.996
0.994
0.997
0.998
0.988
0.995
0.995
0.998
0.997
0.998
0.998
0.995
0.996
0.998
0.988
0.986
0.992
0.996
0.99
0.983
0.998
0.997
0.995
0.99
0.993
0.982
0.991
0.996
0.997
0.99
0.989
0.988
0.99
0.996
0.998
0.985
0.997
0.995
0.985
0.987
0.998
0.996
0.997
0.987
0.993
0.998
0.994
0.987
0.989
0.989
0.988
0.996
0.997
0.997
0.995
0.996
0.996
0.995
0.996
0.993
0.988
0.994
0.996
0.994
0.997
0.996
0.994
0.997
0.996
0.996
0.996
0.986
0.997
0.996
0.995
0.992
0.997
0.995
0.995
0.994
0.992
0.989
0.998
0.997
0.992
0.985
0.996
0.99
0.994
0.989
0.984
0.998
0.995
0.996
0.994
0.998
0.998
0.996
0.989
0.995
0.992
0.997
0.991
0.983
0.998
0.995
0.985
0.992
0.996
0.992
0.998
0.996
0.984
0.998
0.995
0.994
0.995
0.994
0.985
0.993
0.99
0.995
0.966
0.996
0.993
0.989
0.998
0.994
0.998
0.997
0.986
0.992
0.997
0.997
0.998
0.989
0.998
0.998
0.988
0.996
0.99
0.998
0.988
0.995
0.994
0.998
0.996
0.995
0.99
0.995
0.995
0.987
0.997
0.997
0.971
0.997
0.998
0.99
0.998
0.986
0.986
0.997
0.989
0.987
0.994
0.997
0.983
0.998
0.993
0.998
0.984
0.997
0.998
0.989
0.998
0.991
0.998
0.993
0.99
0.986
0.997
0.996
0.998
0.997
0.997
0.995
0.974
0.986
0.995
0.996
0.987
0.991
0.99
0.993
0.996
0.993
0.996
0.998
0.985
0.994
0.998
0.997
0.995
0.997
0.989
0.986
0.996
0.998
0.984
0.984
0.983
0.994
0.988
0.984
0.991
0.988
0.991
0.995
0.99
0.992
0.982
0.997
0.996
0.992
0.995
0.994
0.998
0.993
0.988
0.988
0.995
0.998
0.998
0.996
0.991
0.995
0.993
0.988
0.998
0.988
0.993
0.998
0.983
0.995
0.993
0.998
0.996
0.985
0.987
0.958
0.972
0.986
0.987
0.992
0.998
0.998
0.992
0.995
0.987
0.984
0.997
0.998
0.997
0.996
0.998
1.0
0.995
0.994
0.989
0.99
0.995
0.985
0.994
0.997
0.998
0.988
0.995
0.998
0.983
0.998
0.997
0.962
0.991
0.992
0.994
0.985
0.99
0.992
0.995
0.988
0.998
0.987
0.99
0.993
0.99
0.996
0.998
0.996
0.988
0.993
0.996
0.983
0.997
0.983
0.998
0.996
0.998
0.995
0.998
0.99
0.983
0.998
0.996
0.983
0.968
0.988
0.996
0.995
0.986
0.994
0.998
0.988
0.993
0.985
0.994
0.989
0.988
0.997
0.997
0.991
0.998
0.995
0.996
0.98
0.988
0.995
0.994
0.997
0.983
0.998
0.997
0.991
0.997
0.991
0.996
0.956
0.985
0.989
0.995
0.985
0.996
0.991
0.996
0.995
0.998
0.988
0.996
0.986
0.991
0.998
0.997
0.995
0.996
0.988
0.998
0.998
0.988
0.987
0.998
0.998
0.997
0.986
0.994
0.979
0.99
0.988
0.993
0.982
0.989
0.985
0.988
0.997
0.989
0.994
0.997
0.995
0.998
0.988
0.992
0.988
0.998
0.998
0.994
0.998
0.993
0.989
0.992
0.997
0.99
0.989
0.993
0.998
0.995
0.998
0.996
0.989
0.996
0.993
0.997
0.957
0.967
0.994
0.993
0.989
0.992
0.993
0.996
0.998
0.989
0.997
0.989
0.99
0.996
0.989
0.997
0.996
0.994
0.997
0.998
0.986
0.984
0.998
0.998
0.986
0.996
0.979
0.995
0.984
0.998
0.991
0.995
0.973
0.988
0.994
0.991
0.989
0.996
0.995
0.989
0.995
0.996
0.985
0.995
0.997
0.993
0.994
0.986
0.988
0.995
0.998
0.995
0.995
0.996
0.989
0.997
0.997
0.994
0.99
0.998
0.998
0.996
0.998
0.998
0.998
0.997
0.996
0.987
0.988
0.997
0.993
0.99
0.987
0.996
0.99
0.998
0.986
0.987
0.992
0.988
0.988
0.99
0.996
0.996
0.987
0.983
0.991
0.998
0.998
0.989
0.995
0.99
0.995
0.991
0.997
0.988
0.998
0.979
0.99
0.998
0.986
0.988
0.996
0.995
0.995
0.997
0.995
0.992
0.993
0.986
0.986
0.997
0.989
0.998
0.994
0.987
0.995
0.989
0.991
0.996
0.997
0.998
0.99
0.991
0.997
0.996
0.996
0.998
0.992
0.991
0.998
0.997
0.997
0.984
0.995
0.99
0.992
0.998
0.992
0.996
0.994
0.991
0.994
0.987
0.993
0.993
0.996
0.99
0.998
0.997
0.995
0.997
0.992
0.998
0.994
0.987
0.995
0.995
0.986
0.986
0.97
0.991
0.997
0.995
0.998
0.992
0.996
0.997
0.998
0.997
0.998
0.991
0.992
0.996
0.998
0.998
0.996
0.996
0.997
0.988
0.991
0.991
0.998
0.988
0.997
0.991
0.995
0.996
0.996
0.997
0.997
0.997
0.996
0.989
0.988
0.998
0.995
0.993
0.997
0.996
0.998
0.991
0.997
0.998
0.997
0.996
0.991
0.988
0.993
0.996
0.993
0.996
0.993
0.997
0.996
0.997
0.989
0.997
0.995
0.985
0.996
0.998
0.998
0.997
0.995
0.968
0.997
0.996
0.996
0.998
0.993
0.997
0.996
0.993
0.991
0.986
0.998
0.994
0.991
0.998
0.996
0.988
0.986
0.998
0.995
0.995
0.99
0.997
0.99
0.986
0.998
0.993
0.995
0.997
0.991
0.998
0.989
0.983
0.993
0.997
0.997
0.995
0.996
0.998
0.983
0.993
0.99
0.989
0.99
0.996
0.995
0.997
0.997
0.993
0.993
0.996
0.993
0.995
0.986
0.997
0.987
0.985
0.996
0.994
0.995
0.989
0.996
0.996
0.998
0.987
0.994
0.996
0.998
0.989
0.997
0.998
0.987
0.993
0.994
0.988
0.996
0.994
0.992
0.997
0.995
0.993
0.997
0.993
0.992
0.984
0.987
0.998
0.991
0.996
0.995
0.995
0.997
0.997
0.995
0.994
0.996
0.992
0.988
0.986
0.996
0.988
0.996
0.991
0.997
0.997
0.995
0.998
0.997
0.991
0.997
0.997
0.997
0.991
0.995
0.988
0.988
0.988
0.988
0.995
0.98
0.977
0.989
0.993
0.988
0.994
0.984
0.982
0.965
0.973
0.998
0.96
0.963
0.995
0.996
0.989
0.972
0.984
0.994
0.987
0.986
0.995
0.987
0.992
0.975
0.954
0.96
0.982
0.97
0.997
0.985
0.991
0.965
0.99
0.993
0.982
0.958
0.985
0.985
0.965
0.974

inf
7.0
6.0
5.0
inf
inf
inf
inf
inf
inf
5.0
inf
inf
inf
inf
inf
inf
inf
inf
inf
inf
inf
inf
inf
inf
inf
inf
inf
inf
inf
inf
inf
inf
inf
inf
inf
inf
inf
inf
inf
inf
inf
inf
4.0
inf
5.0
inf
inf
inf
inf
8.0
9.0
10.0
inf
inf
inf
inf
inf
inf
inf
inf
inf
inf
inf
inf
inf
4.0
inf
inf
inf
inf
inf
inf
inf
4.0
3.0
inf
4.0
inf
inf
inf
8.0
7.0
8.0
9.0
inf
7.0
inf
inf
inf
inf
inf
inf
inf
inf
inf
inf
4.0
3.0
4.0
inf
inf
inf
inf
4.0
4.0
3.0
2.0
3.0
inf
inf
inf
inf
inf
inf
inf
inf
inf
inf
inf
inf
inf
inf
inf
inf
inf
inf
inf
inf
inf
4.0
5.0
inf
inf
inf
inf
inf
inf
4.0
3.0
inf
inf
inf
inf
inf
inf
inf
inf
inf
inf
inf
inf
inf
inf
inf
inf
inf
inf
inf
inf
inf
inf
inf
inf
inf
inf
inf
inf
inf
inf
inf
4.0
inf
inf
inf
inf
inf
inf
inf
inf
inf
inf
inf
inf
inf
inf
inf
inf
inf
inf
inf
inf
inf
inf
inf
inf
inf
inf
inf
inf
inf
inf
5.0
inf
inf
inf
inf
inf
4.0
inf
inf
inf
inf
inf
inf
inf
inf
inf
inf
inf
inf
inf
inf
inf
inf
inf
inf
inf
inf
inf
inf
5.0
4.0
inf
inf
inf
inf
inf
inf
inf
inf
inf
inf
inf
inf
inf
inf
inf
inf
inf
5.0
inf
inf
inf
inf
inf
inf
inf
inf
inf
inf
inf
inf
4.666666666666667
3.125
4.0
inf
inf
inf
inf
inf
inf
inf
inf
inf
inf
inf
inf
inf
inf
inf
inf
6.0
inf
inf
inf
inf
inf
inf
inf
inf
inf
inf
inf
inf
inf
4.0
5.0
inf
inf
inf
inf
inf
inf
inf
inf
inf
inf
inf
inf
inf
inf
inf
inf
inf
inf
inf
inf
inf
inf
inf
inf
inf
inf
inf
inf
5.0
inf
inf
inf
inf
inf
inf
inf
inf
inf
inf
inf
inf
inf
inf
inf
inf
inf
inf
inf
inf
inf
inf
inf
inf
inf
inf
inf
inf
inf
inf
inf
inf
inf
inf
inf
inf
inf
inf
inf
inf
5.0
inf
inf
inf
inf
inf
inf
inf
inf
inf
inf
inf
inf
inf
inf
8.0
4.0
inf
inf
inf
inf
inf
inf
inf
inf
inf
inf
inf
inf
inf
inf
5.0
4.0
5.0
inf
inf
inf
inf
inf
inf
inf
inf
inf
inf
inf
inf
inf
inf
inf
inf
inf
inf
inf
inf
inf
inf
inf
inf
inf
inf
inf
inf
inf
4.0
3.5
4.0
inf
inf
inf
inf
inf
4.0
inf
inf
inf
inf
inf
inf
inf
inf
inf
inf
inf
inf
inf
inf
inf
inf
inf
inf
inf
inf
inf
inf
4.0
3.0
2.0594059405940595
3.0
4.0
inf
inf
inf
inf
3.3636363636363638
4.0
inf
inf
inf
inf
inf
inf
inf
inf
inf
inf
inf
inf
inf
inf
inf
inf
inf
inf
inf
inf
4.0
3.1538461538461537
2.021978021978022
1.0
2.0392156862745097
3.0
4.0
inf
inf
inf
inf
inf
inf
inf
inf
inf
inf
inf
inf
inf
inf
inf
inf
inf
inf
inf
inf
inf
inf
inf
inf
inf
inf
4.0
3.0
2.0
3.0
4.0
inf
inf
inf
inf
inf
inf
inf
inf
inf
inf
inf
inf
inf
inf
inf
inf
inf
inf
7.0
6.0
inf
inf
inf
inf
inf
inf
inf
inf
4.0
3.0
4.0
5.0
inf
inf
inf
inf
inf
inf
inf
inf
inf
inf
inf
inf
inf
inf
inf
inf
inf
inf
inf
7.0
inf
inf
inf
inf
inf
inf
inf
inf
inf
inf
inf
inf
inf
inf
inf
inf
inf
inf
inf
inf
inf
inf
inf
inf
inf
inf
inf
inf
inf
inf
inf
inf
inf
5.0
4.0
5.0
inf
inf
inf
inf
inf
inf
inf
inf
inf
inf
inf
inf
inf
inf
inf
inf
inf
inf
inf
inf
inf
inf
inf
inf
inf
inf
inf
inf
inf
6.0
inf
inf
inf
inf
inf
inf
inf
inf
inf
inf
inf
inf
inf
inf
5.0
inf
inf
inf
inf
inf
inf
inf
inf
inf
inf
inf
inf
inf
inf
inf
inf
inf
inf
inf
inf
inf
inf
inf
inf
inf
inf
5.0
inf
inf
inf
inf
inf
inf
inf
inf
inf
inf
inf
inf
inf
inf
inf
inf
inf
inf
inf
inf
inf
inf
inf
inf
inf
inf
inf
inf
inf
inf
inf
4.0
inf
inf
inf
inf
inf
inf
inf
inf
inf
inf
inf
inf
inf
inf
inf
inf
inf
inf
inf
inf
inf
inf
inf
inf
inf
inf
inf
inf
inf
inf
4.0
5.0
inf
inf
inf
inf
4.0
3.0
4.0
inf
inf
inf
inf
inf
inf
inf
inf
inf
inf
inf
inf
inf
inf
inf
inf
inf
inf
inf
inf
inf
inf
inf
inf
inf
inf
inf
inf
inf
5.0
4.0
7.0
inf
inf
inf
inf
inf
inf
inf
inf
inf
inf
inf
inf
inf
inf
inf
5.0
inf
inf
inf
inf
inf
inf
inf
inf
inf
inf
inf
inf
inf
inf
inf
inf
inf
inf
4.0
inf
inf
inf
inf
inf
inf
inf
inf
inf
inf
inf
inf
inf
inf
inf
inf
inf
inf
inf
inf
inf
inf
inf
inf
4.0
3.0
4.0
inf
inf
inf
inf
inf
4.0
inf
inf
inf
inf
inf
inf
inf
inf
inf
inf
inf
inf
inf
inf
inf
inf
inf
inf
inf
inf
inf
inf
inf
inf
4.0
inf
inf
inf
inf
inf
inf
inf
inf
inf
inf
6.0
inf
inf
inf
inf
inf
inf
inf
inf
inf
inf
inf
inf
inf
inf
inf
inf
inf
inf
inf
inf
inf
inf
inf
inf
inf
inf
inf
inf
inf
inf
inf
7.0
inf
inf
inf
inf
inf
inf
inf
inf
6.0
inf
inf
inf
inf
inf
inf
inf
inf
inf
inf
inf
inf
inf
inf
inf
inf
inf
inf
inf
inf
inf
inf
inf
inf
inf
inf
inf
inf
inf
inf
4.0
inf
inf
inf
inf
inf
inf
inf
inf
inf
inf
inf
inf
inf
inf
inf
inf
inf
inf
inf
inf
inf
inf
inf
inf
inf
inf
inf
inf
inf
inf
inf
inf
inf
inf
inf
inf
inf
inf
inf
inf
inf
inf
inf
inf
inf
inf
inf
inf
inf
inf
inf
inf
inf
inf
inf
20.51121076233184
20.902985074626866
20.286713286713287
18.5609756097561
17.80263157894737
17.21319796954315
19.202312138728324
20.353711790393014
21.59880239520958
19.975609756097562
19.16393442622951
20.992481203007518
20.9875
21.308641975308642
22.25531914893617
21.293333333333333
22.115702479338843
21.559322033898304
22.58823529411765
22.848837209302324
21.651685393258425
21.680232558139537
21.27777777777778
20.288537549407113
20.383838383838384
22.205298013245034
21.495049504950494
21.34710743801653
20.78235294117647
21.238532110091743
21.074626865671643
20.451327433628318
20.025641025641026
20.425925925925927
20.07906976744186
19.40366972477064
18.891625615763548
19.379310344827587
20.13609467455621
21.50965250965251
21.380281690140844
20.555555555555557
18.86627906976744
18.122448979591837
18.4
20.58273381294964
21.44705882352941
20.308823529411764
22.13855421686747
21.27979274611399
21.690376569037657
22.493150684931507
22.3125
21.286995515695068
20.738775510204082
21.161290322580644
20.60153256704981
21.66
22.072847682119207
21.820408163265306
22.519607843137255
21.801762114537446
21.3135593220339
22.40714285714286
20.238636363636363
19.762081784386616
19.17808219178082
20.243027888446214
20.776649746192895
18.71818181818182
19.98159509202454
21.273743016759777
20.540178571428573
19.36231884057971
15.823008849557523
13.860759493670885
16.349593495934958
18.134615384615383
20.394849785407725
21.607954545454547
21.773006134969325
22.265432098765434
22.247663551401867
20.95435684647303
20.770114942528735
21.931428571428572
21.12449799196787
21.448863636363637
21.7125
21.959731543624162
21.930348258706466
22.769607843137255
21.846153846153847
22.05859375
22.066079295154186
22.629213483146067
20.130681818181817
17.737967914438503
15.01423487544484
19.769565217391303
20.57948717948718
19.71875
21.48205128205128
20.124401913875598
18.071161048689138
18.0125786163522
13.76
6.546134663341646
12.987394957983193
18.718446601941746
20.27027027027027
19.817777777777778
21.54871794871795
21.313253012048193
20.9672131147541
21.0
21.46153846153846
21.575
21.487437185929647
22.217877094972067
22.98170731707317
21.333333333333332
21.875
22.539772727272727
22.040178571428573
21.877637130801688
21.059288537549406
22.311764705882354
21.008064516129032
19.392592592592592
18.763313609467456
21.154696132596683
20.68888888888889
19.92924528301887
21.787709497206706
20.587570621468927
19.59493670886076
19.4171974522293
16.194214876033058
14.297619047619047
15.78125
18.168458781362006
19.081818181818182
18.83125
20.83587786259542
20.732954545454547
21.065359477124183
21.37719298245614
20.58823529411765
21.376146788990827
21.183520599250937
22.292576419213972
22.1875
23.158273381294965
23.410404624277458
23.42105263157895
22.592178770949722
21.964757709251103
22.551724137931036
22.308695652173913
19.866666666666667
21.09
22.02027027027027
21.525925925925925
20.07236842105263
21.652482269503547
22.093023255813954
20.508982035928145
20.64782608695652
20.080952380952382
18.03846153846154
17.222672064777328
18.26923076923077
19.52
19.646616541353385
19.51186440677966
19.901234567901234
21.088372093023256
21.664634146341463
21.86390532544379
22.65680473372781
21.757425742574256
21.949367088607595
21.84722222222222
21.158590308370044
22.843537414965986
23.46456692913386
22.08450704225352
21.98139534883721
21.926829268292682
23.082758620689656
23.921259842519685
20.565
22.288732394366196
21.768707482993197
21.914529914529915
21.958333333333332
22.037974683544302
21.584158415841586
19.849137931034484
19.06910569105691
19.31297709923664
18.710714285714285
19.84090909090909
19.71875
20.640167364016737
20.212598425196852
20.294573643410853
18.573333333333334
19.846473029045644
20.462962962962962
21.207964601769913
23.73170731707317
22.635
22.276785714285715
22.28640776699029
21.6
23.766233766233768
21.85185185185185
22.59375
22.404371584699454
21.63984674329502
23.326241134751772
22.8062015503876
21.111801242236027
21.591463414634145
22.038888888888888
22.375
21.813253012048193
21.751243781094526
20.982608695652175
19.396825396825395
18.054237288135592
18.386986301369863
18.99492385786802
20.11111111111111
20.261802575107296
20.45378151260504
19.720394736842106
19.666666666666668
19.572307692307692
20.33211678832117
21.54310344827586
21.68503937007874
22.719745222929937
22.751824817518248
22.73049645390071
22.717171717171716
22.0972972972973
22.23030303030303
20.243589743589745
20.695652173913043
19.574660633484164
21.104395604395606
21.664335664335663
21.958904109589042
21.786666666666665
22.958333333333332
21.464088397790054
21.974193548387095
21.71345029239766
21.622093023255815
21.317204301075268
19.2421875
15.569444444444445
18.958677685950413
20.742489270386265
21.79591836734694
21.61340206185567
21.116751269035532
20.85573770491803
20.77815699658703
20.374172185430464
20.687782805429865
21.078602620087338
21.03252032520325
22.044444444444444
23.16793893129771
22.666666666666668
22.462857142857143
22.33695652173913
21.232227488151658
20.56544502617801
20.338461538461537
17.00851063829787
19.77777777777778
20.89325842696629
20.970588235294116
20.207070707070706
20.75824175824176
21.355828220858896
21.210526315789473
21.12863070539419
21.262295081967213
20.47982062780269
19.745833333333334
18.142857142857142
19.919148936170213
20.88546255506608
20.87192118226601
21.045226130653266
21.416666666666668
20.99145299145299
20.91796875
21.362139917695472
20.014492753623188
20.2987012987013
21.27111111111111
21.577272727272728
22.216494845360824
23.1625
22.725888324873097
20.958677685950413
22.711009174311926
22.572289156626507
22.82389937106918
20.327800829875518
20.64375
22.1
22.423357664233578
20.768421052631577
20.526627218934912
20.832635983263597
21.17156862745098
20.782608695652176
19.817518248175183
18.099290780141843
19.642857142857142
20.13978494623656
20.866995073891626
20.8659793814433
22.32535885167464
21.689265536723163
21.277456647398843
20.39455782312925
20.77821011673152
21.01063829787234
22.273743016759777
21.2
21.642857142857142
21.07281553398058
21.974747474747474
20.851063829787233
20.53560371517028
21.33579335793358
22.330357142857142
22.571428571428573
21.51912568306011
21.73170731707317
22.54248366013072
23.72151898734177
21.73821989528796
21.856209150326798
21.793357933579337
21.182926829268293
21.944444444444443
21.363636363636363
21.464646464646464
20.51231527093596
21.203463203463205
21.403846153846153
20.242603550295858
20.818181818181817
21.78
20.690821256038646
20.472826086956523
20.298578199052134
20.075892857142858
19.819209039548024
20.94560669456067
20.89767441860465
20.95578231292517
21.318627450980394
20.75943396226415
19.497925311203318
20.364912280701756
20.713740458015266
21.748768472906406
22.00602409638554
22.108247422680414
21.283185840707965
21.9375
22.04382470119522
20.81782945736434
23.02542372881356
22.11574074074074
21.42608695652174
22.255681818181817
21.97008547008547
22.446666666666665
20.69281045751634
20.515981735159816
20.90728476821192
21.48936170212766
21.227513227513228
20.507177033492823
20.30188679245283
19.771186440677965
18.129310344827587
18.72151898734177
18.42439024390244
19.678966789667896
19.50526315789474
19.22685185185185
18.528125
19.788018433179722
19.894941634241246
20.84037558685446
21.20108695652174
22.611764705882354
22.485576923076923
21.061946902654867
20.558641975308642
21.645833333333332
21.516528925619834
21.49738219895288
22.10169491525424
21.55944055944056
21.391509433962263
20.95175438596491
21.751445086705203
22.868217054263567
21.79850746268657
21.066666666666666
21.2565445026178
21.23076923076923
20.423728813559322
19.92703862660944
19.554945054945055
18.507462686567163
15.974763406940063
13.397394136807817
15.685314685314685
18.178899082568808
19.693877551020407
19.368715083798882
19.357933579335793
18.39068100358423
17.898230088495577
20.202072538860104
21.488505747126435
22.27127659574468
23.853801169590643
24.073446327683616
21.891752577319586
22.422360248447205
23.16774193548387
22.60674157303371
17.630872483221477
20.696296296296296
21.088757396449704
20.656370656370655
21.31981981981982
21.74074074074074
21.321243523316063
20.731578947368423
21.894736842105264
22.073863636363637
22.269736842105264
20.6
18.995884773662553
16.185185185185187
11.105793450881611
6.314159292035399
9.46712802768166
15.608527131782946
18.01769911504425
19.497206703910614
19.960474308300395
18.08910891089109
14.836363636363636
19.0
21.157068062827225
22.152380952380952
22.836363636363636
23.413145539906104
22.064814814814813
22.50828729281768
23.385135135135137
24.12280701754386
22.256880733944953
22.47761194029851
22.77124183006536
21.54268292682927
23.050251256281406
20.92982456140351
20.890173410404625
22.204968944099377
22.585987261146496
22.88235294117647
21.364864864864863
20.161016949152543
19.04609929078014
14.550675675675675
7.777327935222672
1.0
5.119047619047619
12.859649122807017
17.615384615384617
19.94413407821229
20.80225988700565
19.752808988764045
17.524
20.398576512455517
21.37918215613383
21.627906976744185
20.947580645161292
21.84269662921348
21.858638743455497
21.954545454545453
22.10924369747899
23.43548387096774
22.06474820143885
22.35326086956522
22.589473684210525
21.930379746835442
22.443548387096776
21.011627906976745
20.972727272727273
21.828402366863905
22.345
23.169014084507044
23.042857142857144
20.3719806763285
18.560747663551403
16.16725978647687
11.602977667493796
7.717672413793103
9.405750798722044
13.930909090909092
18.045
20.09090909090909
21.165714285714287
20.076923076923077
19.35191637630662
20.103092783505154
20.793594306049823
21.0
21.578181818181818
22.9375
22.204819277108435
21.91625615763547
21.809782608695652
22.902097902097903
22.083333333333332
21.922535211267604
22.57872340425532
21.58659217877095
21.47482014388489
20.29064039408867
19.92226148409894
21.5
22.451776649746193
22.047619047619047
23.45
21.503225806451614
20.0
18.291666666666668
16.08761329305136
12.381132075471697
14.549618320610687
16.28813559322034
18.018433179723502
20.925465838509318
21.748344370860927
20.90954773869347
21.45762711864407
21.204620462046204
20.763485477178424
21.4878892733564
21.20912547528517
22.77840909090909
21.405263157894737
20.84516129032258
21.411392405063292
22.87735849056604
22.22222222222222
21.92920353982301
23.05142857142857
21.99346405228758
21.895424836601308
20.942857142857143
20.504347826086956
20.764705882352942
20.64406779661017
22.5625
22.463087248322147
21.27972027972028
20.59090909090909
19.20597014925373
18.584558823529413
17.80349344978166
18.855813953488372
18.676056338028168
18.664285714285715
20.210743801652892
21.610738255033556
22.045714285714286
21.984615384615385
22.327659574468086
20.8
21.88185654008439
22.149321266968325
23.044871794871796
22.884057971014492
23.464788732394368
23.502890173410403
21.85234899328859
22.188976377952756
22.317307692307693
22.34351145038168
22.828402366863905
21.241830065359476
20.6
21.762376237623762
21.309859154929576
19.40590405904059
21.178770949720672
20.41899441340782
19.211267605633804
19.37280701754386
19.787072243346007
19.171755725190838
19.24230769230769
19.932515337423315
20.360544217687075
21.19277108433735
21.405263157894737
22.06875
21.675675675675677
21.42570281124498
22.60236220472441
21.800766283524904
21.27848101265823
22.322580645161292
23.055900621118013
22.044444444444444
22.756476683937823
22.15340909090909
21.557522123893804
24.097826086956523
23.074380165289256
21.954887218045112
22.79850746268657
21.756906077348066
21.174157303370787
21.548387096774192
21.31578947368421
20.697802197802197
20.70042194092827
20.789772727272727
20.873417721518987
21.495192307692307
21.649214659685864
20.25925925925926
20.971544715447155
21.3444976076555
20.077272727272728
21.888412017167383
23.130681818181817
22.529761904761905
20.660944206008583
20.09090909090909
21.573529411764707
21.330143540669855
20.963917525773194
21.971014492753625
22.116022099447513
20.36178861788618
21.626315789473683
21.599009900990097
20.956521739130434
21.646616541353385
22.965753424657535
21.105820105820104
21.973509933774835
22.244565217391305
21.873626373626372
21.954248366013072
21.455026455026456
20.878172588832488
21.46829268292683
20.31020408163265
21.439814814814813
22.095238095238095
21.797814207650273
21.992857142857144
20.85333333333333
21.308108108108108
20.074235807860262
21.450643776824034
22.73134328358209
22.414634146341463
21.31111111111111
20.84304932735426
20.730290456431536
20.485576923076923
20.894444444444446
20.855855855855857
20.821596244131456
20.737704918032787
21.153846153846153
20.802419354838708
20.072992700729927
21.536312849162012
22.358288770053477
21.73446327683616
22.183431952662723
22.051020408163264
22.60135135135135
22.72340425531915
21.788079470198674
20.717842323651453
19.63855421686747
20.917355371900825
21.475609756097562
22.942857142857143
23.43971631205674
23.625954198473284
21.786259541984734
18.838541666666668
17.325
20.90748898678414
21.875
21.796875
20.69333333333333
20.29795918367347
19.691964285714285
19.5414364640884
21.611764705882354
21.644171779141104
21.242574257425744
21.948863636363637
21.596153846153847
20.950738916256157
19.01123595505618
21.901960784313726
21.896039603960396
21.413127413127413
21.868852459016395
23.102857142857143
22.316939890710383
22.563953488372093
20.697674418604652
20.100436681222707
20.914529914529915
21.22222222222222
22.751677852348994
23.136
23.239436619718308
21.50785340314136
20.767441860465116
18.775862068965516
19.00414937759336
21.046242774566473
21.3475935828877
21.649006622516556
20.29936305732484
18.652173913043477
14.830128205128204
16.42578125
19.548387096774192
21.46951219512195
21.236051502145923
21.67142857142857
21.493023255813952
20.86721991701245
21.55
20.374301675977655
20.32899022801303
20.65073529411765
21.020242914979757
22.27807486631016
21.859649122807017
21.797619047619047
20.637305699481864
19.194174757281555
20.387900355871885
21.068592057761734
22.232323232323232
24.0
22.331460674157302
21.916129032258066
20.668202764976957
20.130434782608695
19.64081632653061
20.524064171122994
20.103448275862068
20.004878048780487
19.718446601941746
19.25409836065574
17.68
18.591760299625467
19.944444444444443
20.309278350515463
19.568627450980394
19.94420600858369
20.42408376963351
20.822580645161292
20.58974358974359
20.305
20.480565371024735
21.813765182186234
21.417241379310344
21.919047619047618
21.054726368159205
21.49137931034483
19.863636363636363
19.674657534246574
19.684375
21.86046511627907
21.933701657458563
22.607142857142858
22.5873786407767
22.514563106796118
21.764705882352942
20.995744680851065
20.129353233830845
19.775280898876403
20.163636363636364
19.877551020408163
18.346456692913385
18.261061946902654
18.74496644295302
18.580786026200872
17.177700348432055
17.89090909090909
16.12121212121212
18.288524590163934
18.52768729641694
19.106299212598426
19.87725631768953
20.353591160220994
21.983870967741936
21.371323529411764
21.716738197424892
22.034825870646767
21.31174089068826
21.398373983739837
20.853174603174605
21.222772277227723
20.00754716981132
20.82330827067669
21.220532319391634
22.314285714285713
22.5
21.99033816425121
21.69090909090909
21.398009950248756
21.04736842105263
20.496
20.337719298245613
18.23913043478261
14.433212996389893
17.6425702811245
19.14977973568282
19.09917355371901
18.883116883116884
18.671794871794873
17.455696202531644
18.038095238095238
18.856230031948883
18.02317880794702
19.347826086956523
20.90909090909091
21.75
20.801652892561982
20.17735849056604
20.98175182481752
20.55399061032864
21.432900432900432
21.190721649484537
22.30722891566265
22.517857142857142
21.612121212121213
21.977272727272727
22.060185185185187
21.582089552238806
20.725085910652922
21.047169811320753
22.24550898203593
22.88826815642458
19.992337164750957
21.040178571428573
19.200836820083683
18.085308056872037
18.556363636363635
19.61578947368421
19.145251396648046
19.811244979919678
20.338709677419356
19.493023255813952
19.996062992125985
19.87280701754386
19.181184668989548
18.75330396475771
19.8969696969697
20.177419354838708
19.84328358208955
19.270096463022508
20.296875
20.781893004115226
22.033755274261605
22.72327044025157
22.80128205128205
22.431654676258994
22.046979865771814
21.820224719101123
21.26851851851852
21.00473933649289
20.486363636363638
20.813636363636363
21.875
22.96938775510204
21.364532019704434
20.3248730964467
19.893700787401574
20.184615384615384
18.68794326241135
20.93258426966292
21.037974683544302
20.401015228426395
20.6
21.456221198156683
21.455
19.49789029535865
20.67578125
19.916299559471366
20.650602409638555
21.463768115942027
21.074380165289256
19.7672131147541
20.632653061224488
20.62109375
22.704761904761906
22.775757575757577
21.98830409356725
21.664835164835164
21.772455089820358
20.516
20.63157894736842
20.91176470588235
19.72519083969466
20.19465648854962
21.16826923076923
22.119266055045873
22.09550561797753
21.333333333333332
21.217687074829932
21.186746987951807
19.45390070921986
20.509316770186334
21.449197860962567
20.605577689243027
21.09478672985782
20.953389830508474
20.525691699604742
20.331797235023043
22.25
21.73658536585366
21.276923076923076
21.690058479532162
22.268571428571427
21.161290322580644
21.97752808988764
21.23076923076923
21.727272727272727
21.73949579831933
19.473913043478262
20.240384615384617
22.07103825136612
20.459715639810426
20.864864864864863
20.42323651452282
20.825
20.60082304526749
22.319526627218934
22.43125
23.715447154471544
21.50420168067227
21.613445378151262
20.774436090225564
19.966346153846153
20.91176470588235
22.807407407407407
23.538961038961038
22.317241379310346
22.65753424657534
21.195652173913043
22.22758620689655
23.184615384615384
23.514018691588785
21.805194805194805
23.333333333333332
23.276923076923076
22.598484848484848
21.626794258373206
21.533333333333335
21.66867469879518
22.348484848484848
21.738853503184714
23.228915662650603
23.318181818181817
22.527173913043477
21.884955752212388
21.076190476190476
21.524752475247524
21.610687022900763
21.818181818181817
23.931818181818183
24.971153846153847
23.733333333333334
21.50581395348837
21.264150943396228
20.098445595854923
20.142857142857142
22.888
22.868613138686133
22.906474820143885
21.119266055045873
20.087628865979383
21.246575342465754
22.333333333333332
22.269565217391303
10.17260579064588
10.763089005235603
10.29426433915212
9.12486187845304
9.614321608040202
9.048618784530387
9.65237020316027
9.604347826086956
9.903961584633853
8.93598233995585
8.927152317880795
9.973684210526315
10.451219512195122
10.749656121045392
10.944591029023746
10.291036088474971
11.065573770491802
11.255989911727617
10.78147268408551
11.62972972972973
11.561813186813186
10.57307249712313
10.332515337423313
9.422105263157894
10.011098779134295
11.153024911032029
11.497319034852547
11.030303030303031
10.424065420560748
10.178038379530918
10.60450563204005
10.335947712418301
10.456632653061224
10.268440145102781
9.864293659621802
9.381521739130434
9.399563318777293
9.507027027027027
9.98163030998852
9.683877766069546
9.79004329004329
9.32560706401766
9.024361948955917
9.166276346604215
9.395739910313901
9.662763466042154
10.080446927374302
9.60687432867884
10.48959474260679
10.516577540106951
10.042735042735043
10.918757467144564
11.053128689492326
10.0
9.745263157894737
10.199549041713642
9.822033898305085
11.014134275618375
10.923433874709977
9.95063025210084
10.419006479481641
10.457204767063923
10.042207792207792
10.844736842105263
9.469214437367304
9.420886075949367
9.065400843881857
9.386993603411513
9.722350230414747
9.465945945945945
10.219679633867276
10.02183908045977
9.465270121278941
8.885172798216276
8.051478641840088
7.937704918032787
8.453563714902808
8.46294307196563
9.452890792291221
10.142857142857142
10.903600464576074
10.88013698630137
10.027203482045701
10.087368421052632
10.688741721854305
10.77283105022831
10.112513144058886
11.084198385236448
11.114888628370457
11.12877030162413
10.345093715545755
10.435869565217391
10.545945945945945
10.35480464625132
10.249473684210527
10.575087310826543
10.504683840749415
9.76206896551724
8.270500532481362
9.335504885993485
9.822562979189485
10.053610503282275
10.170466883821932
9.56469298245614
8.59660297239915
8.142708333333333
7.268030139935415
5.715210355987055
7.698070374574347
8.492554410080183
9.325315005727377
9.787210584343992
10.501154734411086
10.692307692307692
9.93939393939394
9.871459694989106
10.720956719817767
11.004634994206258
10.690265486725664
11.310385064177362
11.429404900816802
10.726973684210526
10.79111111111111
11.08108108108108
10.543710021321962
10.30010718113612
9.906217070600633
10.777397260273972
10.68925831202046
10.344163658243081
9.899882214369846
9.983277591973245
9.857142857142858
9.744111349036402
10.323464912280702
10.159302325581395
9.447826086956521
8.517819706498951
8.280739934711644
7.888528138528138
8.263574660633484
8.140127388535031
8.561385099685205
8.758656873032528
9.663440860215054
10.566552901023892
10.637630662020905
10.11134903640257
10.115177610333692
10.68082788671024
10.287368421052632
10.772874058127018
11.194505494505494
11.316091954022989
11.188741721854305
11.428415300546447
11.185761957730811
10.658405172413794
10.806997742663658
10.363050483351236
9.83405639913232
10.096670247046188
10.536585365853659
10.710829493087557
10.175956284153006
10.563073394495413
10.532941176470588
10.212837837837839
9.658174097664544
9.236666666666666
9.02721088435374
9.015021459227468
8.738019169329073
8.95864262990456
9.421959095801938
9.212606837606838
9.775
10.481848184818482
10.821345707656613
10.796766743648961
11.014908256880734
10.839869281045752
10.489795918367347
10.655021834061136
10.326943556975506
11.31554524361949
11.570921985815604
11.440543601359003
10.63733905579399
10.86775956284153
11.388372093023255
11.332065906210392
9.975770925110131
10.467796610169492
10.750276243093923
11.163722025912838
10.967517401392112
10.87557603686636
10.147613762486127
9.269925611052072
8.952483801295896
9.003250270855904
8.882978723404255
9.238900634249472
9.1419624217119
9.846927374301677
9.74025974025974
9.53340635268346
8.84470094438615
9.870410367170626
10.088235294117647
10.173262032085562
11.222748815165877
11.28107502799552
10.717622080679405
10.913472070098576
10.243562231759658
11.082256169212691
11.208920187793428
11.12720848056537
10.547453703703704
9.861746361746361
10.958823529411765
10.913978494623656
10.145475372279495
10.182320441988951
10.87264673311185
11.444051825677267
10.908174692049272
10.648411829134721
9.944444444444445
9.070498915401302
8.669133192389006
9.067920585161964
9.668911335578002
10.086907449209932
10.0203426124197
10.215921483097055
9.657866948257656
9.062434963579605
9.063807531380753
9.355555555555556
9.93756727664155
9.802350427350428
11.172332942555686
11.795799299883313
11.58235294117647
11.067032967032967
10.880232558139534
10.666666666666666
9.83978494623656
10.446290143964562
9.901315789473685
10.35472972972973
10.843529411764706
10.704093567251462
10.834305717619603
10.897891231964485
11.02317880794702
11.480232558139535
11.191943127962086
10.599307159353348
10.083710407239819
9.230434782608695
7.804166666666666
9.257882882882884
9.884073672806068
10.227322404371584
10.70382882882883
10.78953488372093
9.91866527632951
9.712606837606838
9.70253164556962
10.065909090909091
9.736956521739131
9.760800842992623
10.850762527233115
11.598830409356726
11.609756097560975
10.910614525139664
10.71753986332574
10.079144385026739
10.023939064200217
10.007675438596491
9.11231101511879
10.153172866520787
10.385887541345094
10.315098468271335
10.36
10.543053960964409
11.04513888888889
10.979865771812081
10.412663755458516
9.883187772925764
9.744211686879824
9.527233115468409
9.272727272727273
9.640522875816993
10.23773173391494
10.558215451577802
10.72707182320442
11.00811123986095
10.210928961748634
10.039258451472191
10.178913738019169
10.313915857605178
9.980132450331126
10.507625272331154
10.740860215053763
11.148026315789474
11.242424242424242
10.763968072976054
10.08
10.341278439869988
10.793142857142858
10.513729977116705
9.73454157782516
10.687214611872147
10.725555555555555
10.940298507462687
10.23165137614679
9.165280665280665
10.473799126637555
10.781318681318682
10.464601769911505
9.383386581469649
8.709883103081827
9.520971302428256
10.193103448275862
10.156284153005464
10.346695557963164
10.472826086956522
10.848173515981735
10.760045924225029
9.731171548117155
10.025889967637541
10.585142857142857
10.691259931895573
10.335483870967742
10.783333333333333
10.740780911062906
10.434452871072589
10.376
9.564853556485355
10.192887931034482
10.546346782988005
10.785635359116021
10.675854465270122
10.544419134396355
10.981992797118847
10.828106852497097
10.435675675675675
11.070528967254408
10.279144385026738
10.471739130434782
10.801123595505619
9.994769874476987
10.405929304446978
10.094713656387665
10.158234660925727
10.860599078341014
10.887340301974449
10.066737288135593
10.363340563991324
10.190223166843783
10.42741935483871
9.674646354733406
9.88012958963283
10.277389277389277
10.224119530416221
10.403153153153154
10.174321503131525
10.259911894273127
9.905077262693156
9.38327904451683
9.162644281217208
9.937367303609342
10.701212789415656
10.961142857142857
10.310989010989012
9.777412280701755
10.491486946651532
9.89989235737352
9.451167728237792
11.432756324900133
10.78435754189944
10.333690987124463
10.84824462061155
10.450431034482758
11.147368421052631
11.068075117370892
10.385382059800664
10.997706422018348
11.122119815668203
10.535242290748899
10.191930207197382
10.19729425028185
9.70096463022508
9.230167597765362
8.895538628944506
9.141868512110726
9.28372591006424
9.422105263157894
9.791619479048698
8.9375
9.310502283105023
8.951476793248945
9.643167028199565
10.486870897155361
10.900798175598633
10.458100558659218
9.756256800870512
9.256490134994808
10.090032154340836
10.107960741548528
10.061643835616438
11.155528554070473
11.124105011933175
10.596685082872929
10.358862144420131
10.887005649717514
11.545346062052506
11.460355029585799
11.005787037037036
10.520787746170678
10.733552631578947
10.384699453551912
9.703544575725028
9.562360801781738
8.687229437229437
7.687697160883281
7.227370689655173
7.741728922091783
8.666300768386389
9.173913043478262
9.424101969872538
8.60021436227224
8.76602564102564
8.93939393939394
9.711494252873564
10.661271676300577
10.854423292273236
10.92485549132948
10.794252873563218
10.727374301675978
11.073363431151241
11.092592592592593
10.561797752808989
9.962424242424243
10.944174757281553
10.969732246798603
10.134054054054054
10.325556733828208
11.086405529953916
10.87752808988764
10.753318584070797
10.606189967982925
10.90176600441501
10.823732718894009
10.059158134243459
9.047669491525424
7.571428571428571
5.8275132275132275
4.732470334412082
6.20501138952164
7.593201754385965
8.460526315789474
9.207013574660634
8.711721224920803
8.611990950226245
7.717439293598234
8.84794086589229
10.370875995449374
10.848214285714286
10.57843137254902
10.462606837606838
10.542643923240938
11.140924464487036
11.574970484061392
11.772543741588157
11.158108108108108
11.127272727272727
11.204705882352942
11.121353558926488
10.98468271334792
10.538954108858057
10.928733031674208
11.005524861878452
11.23261117445838
11.459302325581396
10.899563318777293
9.777542372881356
8.88441145281018
7.3524945770065075
4.8539915966386555
1.0
4.820879120879121
7.241003271537623
8.62429696287964
9.501646542261252
9.481142857142856
9.310701956271577
8.562084257206209
9.3796394485684
10.077167019027485
10.689342403628117
10.286637931034482
10.304210526315789
10.852104664391353
10.319957761351636
10.982960596379126
11.921957671957673
10.983071342200725
10.202008928571429
10.614207650273224
11.07390300230947
11.252656434474616
10.763246899661782
10.138709677419355
10.805523590333717
10.767491926803014
11.540256709451576
11.197247706422019
10.296052631578947
9.403669724770642
8.107491856677525
6.402528977871444
4.891464699683878
6.229213483146068
7.506465517241379
8.52026286966046
9.590389016018307
9.817887931034482
9.885135135135135
9.326680672268907
9.59076262083781
9.998940677966102
10.30108695652174
10.416221985058698
11.193023255813953
11.324074074074074
10.822894168466522
11.033879781420765
11.545235223160434
11.586206896551724
11.127684964200478
10.261829652996845
10.433774834437086
10.9228998849252
10.096385542168674
9.20168954593453
10.477324263038549
10.703583061889251
11.406139315230224
11.310588235294118
10.818713450292398
9.92748538011696
8.60796645702306
7.754478398314014
7.330386740331492
7.76017130620985
8.304730473047305
8.914686825053996
9.854524627720505
10.38654503990878
10.169871794871796
10.102702702702702
9.797894736842105
10.4304932735426
10.265327695560254
10.206349206349206
11.200460829493087
10.93174061433447
11.476023391812866
11.186307519640852
11.807436918990703
11.203550295857989
11.450909090909091
10.992299229922992
11.256526674233825
11.154616240266963
10.704128440366972
10.04475982532751
10.396495071193867
9.91595744680851
10.889897843359819
10.85297418630752
10.836084905660377
9.986078886310905
8.710994764397906
8.655172413793103
8.756815703380589
9.010011123470523
9.268264840182649
9.049214659685864
9.764769065520944
10.88139534883721
10.907940161104719
10.407172995780591
10.393972012917116
10.1741452991453
10.424719101123596
10.624175824175824
11.43937575030012
11.517523364485982
11.70197904540163
11.197986577181208
11.327294685990339
11.309438470728793
11.90314769975787
11.69767441860465
11.20837927232635
11.266360505166475
10.506550218340612
10.296976241900648
10.296017222820236
9.437106918238994
10.319910514541387
10.317425083240844
10.56300578034682
9.598516949152541
9.484177215189874
9.269106566200215
9.346638655462185
9.790080738177624
9.79766081871345
10.094211123723042
10.684961580680572
11.062015503875969
11.048697621744054
10.55005382131324
10.266949152542374
9.894396551724139
9.425130890052356
10.501084598698482
11.172293364377182
10.942013129102845
11.109529025191677
11.07871396895787
11.705650459921156
11.748387096774193
11.545045045045045
11.67044167610419
11.523699421965318
10.87651598676957
10.432786885245902
10.466377440347072
10.482570806100219
10.367531003382187
9.993562231759658
10.286036036036036
10.723306544202067
10.407938257993385
10.434090909090909
9.875135722041259
9.816931216931216
9.816993464052288
9.190998902305159
9.755411255411255
10.755196304849884
10.955172413793104
10.212089077412513
9.895348837209303
10.247469066366705
10.138949671772428
10.286529680365296
10.23804347826087
10.573033707865168
9.902777777777779
10.736658932714617
10.629877369007804
10.998717948717948
11.171929824561403
11.198823529411765
10.70309050772627
11.39906651108518
11.073434125269978
11.008733624454148
11.156531531531531
10.540805223068553
10.292307692307693
9.9627539503386
9.528662420382165
10.31686358754028
11.100342075256556
10.806843267108167
10.723684210526315
10.385428907168038
9.893054024255788
9.311546840958606
9.68004338394794
10.428571428571429
10.690156599552573
10.559726962457338
9.860566448801743
9.710779082177162
9.930283224400872
10.282758620689656
9.85531914893617
10.26951871657754
10.637988826815642
10.121822033898304
9.749738219895288
9.540279269602578
10.225555555555555
10.762322015334064
10.889781859931114
11.433295324971494
11.06236559139785
11.523702031602708
11.332167832167832
10.74712643678161
9.865528281750267
9.446389496717725
9.921108742004265
11.037647058823529
11.824940047961631
11.715606936416185
11.322807017543859
10.643786982248521
9.516647531572906
8.496822033898304
9.778993435448578
10.606164383561644
10.758007117437723
10.356812933025404
9.354322305229456
8.921546961325967
9.4251968503937
10.034368070953438
10.427922814982974
10.51195652173913
10.813348416289593
10.434687156970362
10.116591928251122
9.427050053248136
10.342135476463834
10.297085201793722
9.830835117773018
10.899886234357224
11.45993031358885
11.166304347826086
10.837389380530974
10.565469293163384
9.719162995594713
9.788793103448276
10.607709750566894
11.482142857142858
12.031515151515151
11.787485242030696
10.983731019522777
10.172653534183082
8.82791185729276
9.368421052631579
10.08399545970488
10.1886586695747
10.480836236933797
9.950574712643679
8.800218340611353
7.248671625929862
7.8138297872340425
9.259132420091325
10.039170506912443
10.107561235356762
10.29315960912052
10.354098360655737
9.929411764705883
10.5
9.130237825594564
9.31765935214211
9.766877637130802
10.288583509513742
11.362676056338028
11.36
10.902050113895216
10.079455164585697
8.692146596858638
9.410560344827585
10.194206008583691
11.149667405764967
11.771788990825687
11.342633928571429
11.023863636363636
10.069716775599128
9.650707290533187
9.46072186836518
10.042045454545455
9.552350427350428
9.822173435784851
9.418502202643172
8.879609544468547
8.331175836030205
8.392282958199356
8.70374449339207
9.341379310344827
9.258488499452355
9.404395604395605
9.788329519450802
10.11187214611872
10.609394313967861
9.319365798414497
9.507987220447284
10.005524861878452
10.224083769633507
11.049199084668192
10.788440567066521
10.35973597359736
9.273871983210913
9.076271186440678
9.41281512605042
10.456692913385826
11.01590909090909
10.996674057649667
11.18331503841932
10.584233261339094
10.153005464480874
9.978094194961665
9.843986998916577
9.938132733408324
9.35135135135135
9.36045197740113
8.644158628081458
8.926436781609196
8.469409282700422
8.583990980834272
8.065608465608465
8.840736728060671
8.019543973941367
8.325237592397043
8.30531914893617
9.105150214592275
9.700426439232409
9.595518867924529
9.91044776119403
9.47624076029567
10.337297297297297
10.840985442329227
10.322444678609061
10.191854233654876
9.678233438485805
10.10033821871477
9.97228144989339
9.910160427807487
10.25
10.867102396514161
11.338268792710705
10.846501128668171
10.56243213897937
10.524175824175824
10.471186440677966
9.789251844046365
9.586580086580087
9.041942604856512
7.937432578209277
8.661184210526315
9.097932535364526
8.89102564102564
9.256521739130434
9.365079365079366
8.638646288209607
8.235602094240837
8.58909853249476
8.664187035069075
9.641081081081081
10.410090556274255
10.104689203925846
9.756256800870512
9.737064413938754
10.106496272630459
10.500545256270447
10.054112554112555
10.481767955801105
10.948837209302326
10.916567342073897
10.825783972125436
10.283884738527215
10.470459518599561
10.784335981838819
9.774294670846395
10.259868421052632
10.857142857142858
10.757540603248259
9.636752136752136
9.774263904034896
9.460109289617487
9.140449438202246
8.814576634512326
9.684150513112884
9.782608695652174
9.544210526315789
10.001131221719458
9.570957095709572
9.262540021344718
9.323991031390134
9.087368421052632
9.708428246013668
10.124700239808153
10.39906651108518
9.663820704375667
9.109603340292276
10.215536105032823
10.516233766233766
10.488197424892704
11.065972222222221
11.103752759381898
11.25886524822695
11.204225352112676
10.756632064590542
10.680616740088105
10.578485181119648
10.10617551462622
10.120430107526882
10.583789704271632
10.908396946564885
10.601536772777168
10.287981859410431
9.396642182581322
9.604494382022471
8.964893617021277
10.251162790697675
10.608235294117646
10.36972972972973
10.439739413680782
10.107574094401757
9.866894197952218
9.444082519001086
9.534174553101998
10.060240963855422
10.58675799086758
10.543646408839779
10.255737704918033
9.69811320754717
10.67881548974943
10.67268862911796
10.849557522123893
10.9
10.517699115044248
10.329694323144105
10.659428571428572
9.90764331210191
10.262582056892779
10.469866071428571
9.839662447257384
10.132911392405063
10.758771929824562
10.495227995758219
10.92502756339581
10.788013318534961
10.623406720741599
10.252023121387284
9.096638655462185
10.501136363636364
10.649723756906077
10.234978540772532
10.388646288209607
10.022340425531915
9.378691983122362
9.95
10.564825253664036
10.608744394618833
10.69068736141907
11.177156177156178
11.334878331402086
10.802197802197803
11.120181405895691
10.528260869565218
10.350993377483444
10.213602550478214
9.697950377562028
10.111973392461197
10.53340635268346
10.24400871459695
10.52233676975945
10.063921993499457
10.193411264612115
10.705945945945945
11.583333333333334
11.267349260523321
11.821951219512195
11.802158273381295
11.27662037037037
10.86405529953917
9.982456140350877
11.028436018957345
11.49067599067599
11.384436701509872
11.288757396449704
11.010440835266822
10.284753363228699
10.906651108518087
11.485819975339087
11.732712765957446
11.01280409731114
10.836225596529284
11.828685258964143
11.703022339027596
10.99781181619256
10.633771929824562
10.516241299303944
10.95758354755784
10.443661971830986
10.60495283018868
10.842289719626168
10.72976054732041
10.17078410311493
10.443813847900113
10.372787610619469
11.513089005235603
12.371994342291371
12.458333333333334
12.33375
12.174770039421814
10.998890122086571
10.7872582480091
10.146666666666667
11.292464878671776
11.394484412470025
11.466666666666667
11.359903381642512
11.429305912596401
10.454437869822485
10.983451536643026
11.756427604871448
11.685792349726777
7.62159434914228
7.903765690376569
7.353002070393375
6.323262839879154
6.782564102564103
6.211847389558233
6.952477249747219
7.104417670682731
7.226006191950464
6.162650602409639
6.08643216080402
6.807142857142857
7.285714285714286
7.649527806925499
7.860732984293194
7.368421052631579
8.190669371196755
8.505175983436853
7.953346855983773
8.777546777546778
8.998965873836609
8.258585858585858
7.880705394190872
6.877632898696088
7.331648129423661
8.415400202634245
8.76116303219107
8.343096234309623
7.696846388606307
7.804609218436874
8.066597294484911
7.530271398747391
7.796697626418989
7.477732793522267
6.852112676056338
6.4241206030150755
6.764824120603015
6.840201005025126
7.54728370221328
7.623246492985972
7.353474320241692
6.732464929859719
6.144736842105263
6.100806451612903
6.329979879275654
6.635448136958711
7.085341365461847
6.657314629258517
7.803822937625754
8.108216432865731
7.540160642570281
8.232323232323232
8.389282103134478
7.3667334669338675
7.30060120240481
7.7439024390243905
7.438877755511022
8.408952187182095
8.17004048582996
7.422845691382766
8.051307847082494
8.335010060362173
7.618856569709127
8.064449064449065
6.858575727181544
6.6158475426278835
6.0490981963927855
6.568706118355065
7.026315789473684
6.767839195979899
7.648185483870968
7.548484848484849
6.847389558232932
6.188068756319515
5.330985915492958
4.981909547738693
5.438314944834503
5.473420260782347
6.665997993981946
7.325955734406438
8.113475177304965
8.213131313131314
7.280120481927711
7.533600802407221
8.145875251509054
8.232862903225806
7.826653306613227
8.586450960566228
8.60262891809909
8.457200402819739
7.596173212487412
7.960843373493976
8.44466800804829
8.110330992978938
7.923771313941826
7.930443548387097
7.353238866396761
6.55959595959596
5.31563126252505
6.46285140562249
7.107754279959718
7.331658291457287
7.76004016064257
6.974874371859296
5.895582329317269
5.606820461384152
4.646881287726358
3.6214859437751006
4.898580121703854
5.582995951417004
6.620689655172414
7.319959879638917
8.041497975708502
8.232558139534884
7.296593186372745
6.974949899799599
7.960685483870968
8.662955465587045
8.481407035175879
9.27979797979798
9.127789046653144
8.364185110663984
8.234170854271357
8.790060851926977
8.349699398797595
7.975879396984925
7.37875751503006
8.196157735085945
7.707724425887265
7.220528455284553
6.690669371196755
6.965863453815261
6.9959758551307845
7.127382146439318
7.88643216080402
7.465116279069767
6.7082494969818915
6.019038076152305
5.399396378269618
5.067269076305221
5.3686868686868685
5.568706118355065
6.274549098196393
6.653306613226453
7.254764292878636
8.140243902439025
8.085106382978724
7.385155466399198
7.739478957915832
8.535678391959799
8.310932798395186
8.848697394789578
8.913654618473895
9.007056451612904
8.550301810865191
9.173694779116467
8.875
8.301810865191147
8.383910386965377
7.872617853560682
7.434170854271357
7.281124497991968
7.372967479674797
7.584178498985802
7.044399596367306
7.8082329317269075
8.12335692618807
7.604651162790698
6.982914572864321
6.741152679474216
6.294534412955466
6.17286432160804
6.1305220883534135
6.670682730923695
7.173694779116466
7.036108324974925
7.116161616161616
7.896378269617706
8.303951367781155
8.328282828282829
8.72459349593496
8.623363544813696
8.156941649899396
8.471717171717172
7.909819639278557
8.762195121951219
8.722222222222221
8.842319430315362
8.098393574297189
8.421529175050301
8.889908256880734
8.74163179916318
7.698094282848546
7.883838383838384
7.933668341708542
8.325888324873096
8.158215010141987
8.212487411883183
7.671356783919598
6.721442885771543
6.370481927710843
6.673366834170854
6.402206619859578
6.7955911823647295
6.743229689067202
7.473205257836198
7.331663326653307
7.075528700906345
6.187374749498998
7.161322645290581
7.601609657947686
7.900702106318957
8.93421052631579
9.05141129032258
8.386546184738956
8.654618473895582
7.978957915831663
8.335020242914979
7.961693548387097
8.144016227180527
7.723404255319149
7.366098294884654
8.338693467336684
8.003042596348884
7.3545454545454545
7.445336008024072
8.349047141424272
8.82121212121212
8.398994974874372
8.183550651955867
7.373493975903615
6.345070422535211
5.980942828485456
6.628256513026052
7.2105263157894735
7.645226130653266
7.77286432160804
8.099198396793588
7.511534603811434
7.026052104208417
6.777555110220441
6.7919597989949745
7.483935742971887
7.517034068136272
8.739878542510121
9.592292089249494
9.27116935483871
8.724899598393574
8.39090909090909
7.744659206510682
6.660320641282565
7.262788365095286
6.856281407035176
7.509090909090909
8.09667673716012
7.785132382892057
7.944500504540867
8.28714859437751
8.769307923771313
9.253535353535353
8.659251769464106
8.053643724696355
7.248484848484848
6.333333333333333
5.103206412825651
6.532994923857868
7.243731193580742
7.6894472361809045
8.46497461928934
8.837892603850051
7.971943887775551
7.67570281124498
7.4964894684052155
7.544072948328267
7.206445115810674
7.564128256513026
8.42354124748491
9.340425531914894
9.167846309403437
8.253791708796765
8.162955465587045
7.529116465863454
7.049147442326981
6.94383149448345
6.041206030150754
7.198795180722891
7.606425702811245
7.471356783919598
8.150602409638553
8.473313192346424
9.109311740890687
8.8158953722334
7.855421686746988
7.387323943661972
6.9779338014042125
6.863453815261044
6.489939637826962
6.992978936810431
7.697791164658635
8.150602409638553
8.336345381526105
8.827586206896552
7.974924774322969
7.9156626506024095
7.820100502512563
7.84375
7.322968906720161
8.151758793969849
8.495477386934674
8.80784708249497
8.648185483870968
8.041456016177957
7.64128256513026
7.796389167502507
7.903225806451613
7.630456852791879
6.825301204819277
7.754545454545455
8.075452716297788
8.11021233569262
8.047764227642276
7.352705410821644
8.422110552763819
8.720883534136545
8.181086519114688
7.128256513026052
6.065130260521042
6.93574297188755
7.3731041456016175
7.533668341708543
7.983870967741935
8.086258776328988
8.545913218970737
8.51678535096643
7.643286573146293
7.6140703517587935
8.181725888324873
8.428427419354838
8.056224899598394
8.650201612903226
8.397795591182364
8.015060240963855
7.691056910569106
7.207414829659319
7.874371859296482
8.145875251509054
8.364824120603014
8.096579476861168
7.716751269035533
8.120845921450151
8.067676767676767
7.6894472361809045
8.818840579710145
8.320281124497992
8.536757301107754
8.918099089989889
7.95190380761523
7.964788732394366
7.259519038076152
7.607823470411233
8.14604462474645
8.31350806451613
7.829488465396189
8.164493480441324
7.790581162324649
7.766430738119312
7.119238476953908
7.061122244488978
7.469635627530365
7.772088353413655
8.32121212121212
8.155310621242485
7.843117408906883
7.3608040201005025
6.619718309859155
6.532064128256513
7.525100401606426
8.34070351758794
8.324242424242424
7.820100502512563
7.16180904522613
7.696048632218845
7.3279839518555665
6.649949849548646
8.750772399588053
8.325977933801404
7.974949899799599
8.5
8.280561122244489
8.693711967545639
8.195740365111561
7.907723169508525
8.445904954499495
8.738601823708207
8.280684104627767
8.134403209628887
7.656154628687691
6.841683366733467
6.221550855991944
5.933867735470942
6.358739837398374
6.881644934804413
7.413827655310621
7.7027300303336705
6.736472945891784
6.8274470232088795
6.174348697394789
6.942598187311178
7.806060606060606
8.279918864097363
7.643931795386158
7.036144578313253
6.856713426853707
7.493480441323972
7.463390170511534
7.256281407035176
8.052361396303901
8.166328600405679
7.95678391959799
7.703815261044177
8.44579533941236
9.073662966700303
8.77878787878788
8.579053373615308
8.015060240963855
8.468277945619336
8.208835341365463
7.386773547094188
6.834517766497462
5.7635814889336014
4.9649298597194385
4.574724172517553
5.077386934673367
5.921765295887663
6.698685540950455
7.165314401622718
6.276104417670683
6.2374749498997994
5.933943089430894
6.717479674796748
7.707019328585961
8.107645875251508
8.298582995951417
8.070121951219512
7.992936427850656
8.437246963562753
8.31079717457114
7.628140703517588
6.836363636363636
7.640120967741935
7.937881873727088
7.335005015045136
7.860441767068273
8.644153225806452
8.37788944723618
8.611670020120725
8.219438877755511
8.7472306143001
8.413967611336032
7.342105263157895
6.229145728643216
4.945891783567134
3.7104208416833666
2.998995983935743
3.916246215943491
4.920603015075377
5.889224572004029
6.787449392712551
6.2955911823647295
6.003036437246964
4.86404833836858
5.9188376753507015
7.340793489318413
8.263316582914573
8.287009063444108
8.141282565130261
7.922690763052209
8.695431472081218
9.01418439716312
8.947807933194154
7.742798353909465
7.742393509127789
8.196555217831813
8.278225806451612
8.542084168336673
8.248496993987976
8.378024193548388
8.66532663316583
8.732522796352583
8.920731707317072
8.220661985957873
7.025050100200401
5.968906720160481
4.610441767068273
3.012024048096192
1.0
2.993969849246231
4.5040241448692155
5.730030333670374
6.893939393939394
6.983919597989949
6.568527918781726
5.625754527162978
6.480441323971916
7.468937875751503
8.276315789473685
8.027135678391959
8.470941883767535
8.661241098677518
8.077154308617235
8.732196589769307
9.345114345114345
7.81029263370333
7.081653225806452
7.723340040241449
8.251776649746192
8.51010101010101
8.016129032258064
7.401005025125628
8.232793522267206
8.01503006012024
8.700101317122593
8.418181818181818
7.451158106747231
6.363636363636363
5.10140562248996
3.8957915831663326
3.0220883534136544
3.9595141700404857
4.997985901309164
5.903614457831325
6.998982706002034
7.279839518555667
7.233977619532045
6.647294589178356
7.040160642570281
7.686372745490982
8.219095477386935
8.200400801603207
8.87070707070707
8.695829094608342
8.150300601202405
8.562248995983936
8.988809766022381
8.453512396694215
8.070850202429149
7.741967871485944
7.5256281407035175
7.9979716024340775
7.25251509054326
6.746492985971944
7.884615384615385
7.986908358509567
8.556345177664975
8.508048289738431
7.9160768452982815
6.967611336032388
5.87863590772317
5.061183550651956
4.544904137235116
5.0681362725450905
5.786934673366834
6.225903614457831
7.358163265306122
8.053643724696355
7.656281407035176
7.612676056338028
7.417251755265798
8.078331637843336
8.055110220440882
7.675025075225677
8.574167507568113
8.194583751253761
8.695257315842584
8.614457831325302
9.228033472803347
8.171573604060914
8.569261880687563
8.260301507537688
8.423350253807106
8.337349397590362
7.959636730575177
7.524096385542169
7.754773869346733
7.202404809619239
7.947368421052632
7.944779116465863
8.150101419878297
7.485368314833502
6.482965931863728
6.033099297893681
5.890452261306533
6.125502008032129
6.618421052631579
6.551102204408818
7.531062124248497
8.569838056680162
8.593718338399189
8.219438877755511
8.09619238476954
7.671013039117352
7.932048681541582
7.902414486921529
8.782431052093973
8.809090909090909
8.974696356275304
8.424974823766364
8.559063136456212
8.212335692618806
8.891370558375634
8.86336032388664
8.50050150451354
8.404448938321536
7.693158953722334
7.864593781344032
7.622110552763819
6.629258517034068
7.428137651821863
7.344758064516129
8.029352226720647
7.477955911823647
7.361723446893787
6.58148893360161
6.884769539078157
7.057401812688822
7.1496461071789685
7.52116935483871
8.300902708124372
8.663636363636364
8.60768452982811
8.103726082578046
7.846693386773547
7.265326633165829
7.020040080160321
7.940763052208835
8.68149646107179
8.414658634538153
8.62638469284995
8.356068204613841
8.845350052246603
8.79731127197518
8.69215291750503
8.637462235649547
8.575328614762386
7.894153225806452
7.525679758308157
7.889558232931727
7.907815631262525
7.5662285136501515
7.442326980942829
7.639029322548028
8.28080808080808
8.169678714859439
8.072800808897876
7.228686058174524
7.509036144578313
7.162977867203219
6.567703109327984
7.343687374749499
8.341784989858013
8.639227642276422
7.75250501002004
7.260521042084168
7.6156186612576064
7.406626506024097
7.746680286006129
7.610050251256282
8.146341463414634
7.410821643286573
8.212916246215944
8.140703517587939
8.38026721479959
8.34008097165992
8.409456740442655
7.703329969727548
8.535894843276036
8.404618473895582
8.405025125628141
8.438827098078868
7.755778894472362
7.600401606425703
7.389847715736041
6.932663316582914
7.820461384152457
8.686807653575025
8.360160965794769
8.20081135902637
7.82995951417004
7.063316582914573
6.491983967935872
7.174874371859296
7.983919597989949
8.447791164658634
7.955510616784631
7.1785356068204615
7.010030090270813
7.227364185110664
7.732323232323233
7.403807615230461
7.959919839679359
8.19578313253012
7.761523046092185
7.66432865731463
7.11122244488978
7.471414242728184
8.086345381526105
8.05775075987842
8.691295546558704
8.528585757271815
8.954682779456194
8.772727272727273
8.127659574468085
7.293172690763052
6.893939393939394
7.307615230460922
8.4026369168357
9.26241134751773
9.057459677419354
8.441295546558704
7.649797570850202
6.523232323232323
5.662650602409639
6.945783132530121
7.760891590678825
8.07527975584944
7.490413723511605
6.5681362725450905
6.145290581162325
6.445904954499494
7.16180904522613
7.777777777777778
8.204020100502513
8.616548940464178
8.247743229689068
7.998987854251012
7.056112224448897
7.545454545454546
7.791919191919192
7.396793587174349
8.539553752535497
9.073886639676113
8.71285140562249
8.328643216080401
7.863316582914573
7.142427281845537
7.333668341708543
8.053427419354838
8.915407854984894
9.60446247464503
9.257606490872211
8.288866599799398
7.338725985844287
5.978957915831663
6.492957746478873
7.2695035460992905
7.377889447236181
7.559150657229525
6.853683148335016
5.778112449799197
4.745235707121364
5.124248496993988
6.3373737373737375
7.239152371342079
7.501504513540622
7.931726907630522
8.183734939759036
7.807615230460922
8.202620967741936
6.426841574167508
7.0350701402805615
7.690070210631895
8.222668004012036
9.148373983739837
8.77788944723618
8.11919191919192
7.148185483870968
6.0681362725450905
6.954637096774194
7.909638554216867
8.645875251509054
9.343087790111
9.04728370221328
8.436676798378926
7.303121852970795
6.983887210473314
6.899598393574297
7.62020202020202
7.253507014028056
7.30692076228686
6.621105527638191
6.24172517552658
5.823588709677419
5.908817635270541
6.103621730382294
6.752786220871327
6.519597989949749
6.9055276381909545
7.323529411764706
7.814401622718052
8.368041237113403
6.599394550958627
7.0651955867602805
7.605025125628141
8.125250501002004
8.881048387096774
8.160642570281125
7.631895687061183
6.661322645290581
6.394182547642929
6.836673346693387
8.006054490413723
8.539314516129032
8.731927710843374
9.044088176352705
8.275551102204409
7.53714859437751
7.697791164658635
7.456369107321966
7.552631578947368
6.7961654894046415
6.631685166498486
5.8607214428857715
6.254048582995951
6.133400200601805
6.135216952573159
5.482412060301508
6.121485943775101
5.409638554216867
6.039117352056168
6.055165496489469
6.762286860581745
7.490963855421687
6.6976744186046515
7.197368421052632
6.768537074148297
7.88643216080402
8.564954682779456
8.156469408224673
7.961847389558233
7.38376753507014
7.501513622603431
7.452357071213641
7.659318637274549
7.792377131394183
8.587349397590362
9.269424823410697
8.564777327935223
8.236656596173212
8.28714859437751
8.099697885196374
7.22289156626506
6.897280966767371
6.101303911735205
5.039156626506024
5.945837512537613
6.560161779575329
6.463390170511534
6.580904522613065
6.769543147208122
6.066265060240964
5.846693386773547
6.218436873747495
6.1534603811434305
7.241206030150754
7.5
7.704112337011033
7.490963855421687
7.629518072289157
8.009018036072144
8.172205438066465
7.581745235707121
8.04417670682731
8.3202416918429
8.44904137235116
8.621703853955376
8.047094188376754
8.199195171026156
8.544904137235116
7.541082164328658
7.82429718875502
8.506072874493928
8.406693711967545
7.345691382765531
7.301507537688442
6.699497487437186
6.138383838383838
6.0802407221665
7.068686868686869
7.447261663286004
7.333667334669339
7.627391742195368
7.100502512562814
6.858575727181544
6.974772956609486
6.736472945891784
7.296258847320526
7.243133265513733
7.921450151057402
7.461384152457372
6.906720160481444
8.06030150753769
8.292168674698795
8.191382765531062
8.480162767039674
8.282980866062436
8.386868686868686
8.721941354903944
8.49090909090909
8.505020080321286
8.116582914572865
7.601805416248746
7.662988966900702
8.155085599194361
8.545820745216515
8.318273092369479
7.759315206445116
6.707537688442211
6.778904665314402
6.549648946840522
7.585612968591692
8.233502538071066
8.19277108433735
8.284708249496981
7.8150753768844226
7.473205257836198
6.963855421686747
7.291164658634538
7.824649298597194
7.8419452887537995
8.199195171026156
8.134538152610443
7.531062124248497
8.542972699696664
8.275827482447342
8.304609218436873
8.151975683890578
7.473313192346425
7.222334004024145
7.989878542510121
7.421686746987952
7.841046277665996
7.948588709677419
7.295887662988967
7.846231155778894
8.438066465256798
7.9097291875626885
8.522658610271904
8.090725806451612
7.720528455284553
7.308004052684904
6.3687374749499
7.676084762865792
8.323293172690763
7.993969849246231
8.186934673366833
7.913741223671013
7.313941825476429
7.472361809045226
8.105633802816902
8.365461847389557
7.820564516129032
8.584008097165992
9.001014198782961
8.55421686746988
8.836032388663968
7.990963855421687
7.741675075681131
7.551654964894684
6.731193580742227
7.1839195979899495
7.995991983967936
8.025075225677032
8.130171543895056
7.600802407221665
7.9598796389167505
8.485456369107322
9.29465186680121
8.748743718592964
9.42004048582996
9.09919028340081
8.42004048582996
7.8785425101214575
6.971859296482412
8.076530612244898
8.763561924257932
8.79979777553084
9.041289023162134
8.809716599190283
8.015090543259557
8.442073170731707
9.062118126272912
9.242487046632125
8.06988694758479
8.32064128256513
9.395833333333334
9.441329179646937
8.824120603015075
8.177710843373495
7.828109201213347
8.059670781893004
7.590447154471545
7.8843058350100605
8.227963525835866
8.476673427991887
7.889447236180905
8.098277608915907
7.904233870967742
9.060512820512821
9.943396226415095
9.938541666666667
9.89409368635438
9.495876288659794
8.258776328986961
8.00507614213198
7.336024217961655
8.385492227979274
8.644444444444444
8.53877139979859
8.880855397148677
8.968684759916492
7.904568527918782
8.428426395939086
9.219689119170985
9.030800821355236
