0.0
0.0
0.0
0.0
0.0
0.0
0.0
0.0
0.0
0.0
0.0
0.0
0.0
0.0
0.0
0.0
0.0
0.0
0.0
0.0
0.0
0.0
0.0
0.0
0.0
0.0
0.0
0.0
0.0
0.0
0.0
0.0
0.0
0.0
0.0
0.0
0.0
0.0
0.0
0.0
0.0
0.0
0.0
0.0
0.0
0.0
0.0
0.0
0.0
0.0
0.0
0.0
0.0
0.0
0.0
0.0
0.0
0.0
0.0
0.0
0.0
0.0
0.0
0.0
0.0
0.0
0.0
0.0
0.0
0.0
0.0
0.0
0.0
0.0
0.0
0.0
0.0
0.0
0.0
0.0
0.0
0.0
0.0
0.0
0.0
0.0
0.0
0.0
0.0
0.0
0.0
0.0
0.0
0.0
0.0
0.0
0.0
0.0
0.0
0.0
0.0
0.0
0.0
0.0
0.0
0.0
0.0
0.0
0.0
0.0
0.0
0.0
0.0
0.0
0.0
0.0
0.0
0.0
0.0
0.0
0.0
0.0
0.0
0.0
0.0
0.0
0.0
0.0
0.0
0.0
0.0
0.0
0.0
0.0
0.0
0.0
0.0
0.0
0.0
0.0
0.0
0.0
0.0
0.0
0.0
0.0
0.0
0.0
0.0
0.0
0.0
0.0
0.0
0.0
0.0
0.0
0.0
0.0
0.0
0.0
0.0
0.0
0.0
0.0
0.0
0.0
0.0
0.0
0.0
0.0
0.0
0.0
0.0
0.0
0.0
0.0
0.0
0.0
0.0
0.0
0.0
0.0
0.0
0.0
0.0
0.0
0.0
0.0
0.0
0.0
0.0
0.0
0.0
0.0
0.0
0.0
0.0
0.0
0.0
0.0
0.0
0.0
0.0
0.0
0.0
0.0
0.0
0.0
0.0
0.0
0.0
0.0
0.0
0.0
0.0
0.0
0.0
0.0
0.0
0.0
0.0
0.0
0.0
0.0
0.0
0.0
0.0
0.0
0.0
0.0
0.0
0.0
0.0
0.0
0.0
0.0
0.0
0.0
0.0
0.0
0.0
0.0
0.0
0.0
0.0
0.0
0.0
0.0
0.0
0.0
0.0
0.0
0.0
0.0
0.0
0.0
0.0
0.0
0.0
0.0
0.0
0.0
0.0
0.0
0.0
0.0
0.0
0.0
0.0
0.0
0.0
0.0
0.0
0.0
0.0
0.0
0.0
0.0
0.0
0.0
0.0
0.0
0.0
0.0
0.0
0.0
0.0
0.0
0.0
0.0
0.0
0.0
0.0
0.0
0.0
0.0
0.0
0.0
0.0
0.0
0.0
0.0
0.0
0.0
0.0
0.0
0.0
0.0
0.0
0.0
0.0
0.0
0.0
0.0
0.0
0.0
0.0
0.0
0.0
0.0
0.0
0.0
0.0
0.0
0.0
0.0
0.0
0.0
0.0
0.0
0.0
0.0
0.0
0.0
0.0
0.0
0.0
0.0
0.0
0.0
0.0
0.0
0.0
0.0
0.0
0.0
0.0
0.0
0.0
0.0
0.0
0.0
0.0
0.0
0.0
0.0
0.0
0.0
0.0
0.0
0.0
0.0
0.0
0.0
0.0
0.0
0.0
0.0
0.0
0.0
0.0
0.0
0.0
0.0
0.0
0.0
0.0
0.0
0.0
0.0
0.0
0.0
0.0
0.0
0.0
0.0
0.0
0.0
0.0
0.0
0.0
0.0
0.0
0.0
0.0
0.0
0.0
0.0
0.0
0.003
0.001
0.0
0.0
0.0
0.0
0.0
0.0
0.0
0.0
0.0
0.0
0.0
0.0
0.0
0.0
0.0
0.0
0.0
0.0
0.0
0.0
0.0
0.0
0.0
0.0
0.0
0.0
0.0
0.0
0.0
0.005
0.013
0.002
0.0
0.0
0.0
0.0
0.0
0.0
0.0
0.0
0.0
0.0
0.0
0.0
0.0
0.0
0.0
0.0
0.0
0.0
0.0
0.0
0.0
0.0
0.0
0.0
0.0
0.0
0.0
0.001
0.004
0.024
0.104
0.023
0.003
0.0
0.0
0.0
0.0
0.0
0.0
0.0
0.0
0.0
0.0
0.0
0.0
0.0
0.0
0.0
0.0
0.0
0.0
0.0
0.0
0.0
0.0
0.0
0.0
0.0
0.0
0.003
0.023
0.117
1.0
0.103
0.012
0.0
0.0
0.0
0.0
0.0
0.0
0.0
0.0
0.0
0.0
0.0
0.0
0.0
0.0
0.0
0.0
0.0
0.0
0.0
0.0
0.0
0.0
0.0
0.0
0.0
0.0
0.0
0.001
0.013
0.096
0.02
0.003
0.0
0.0
0.0
0.0
0.0
0.0
0.0
0.0
0.0
0.0
0.0
0.0
0.0
0.0
0.0
0.0
0.0
0.0
0.0
0.0
0.0
0.0
0.0
0.0
0.0
0.0
0.0
0.0
0.002
0.008
0.002
0.001
0.0
0.0
0.0
0.0
0.0
0.0
0.0
0.0
0.0
0.0
0.0
0.0
0.0
0.0
0.0
0.0
0.0
0.0
0.0
0.0
0.0
0.0
0.0
0.0
0.0
0.0
0.0
0.0
0.0
0.001
0.0
0.0
0.0
0.0
0.0
0.0
0.0
0.0
0.0
0.0
0.0
0.0
0.0
0.0
0.0
0.0
0.0
0.0
0.0
0.0
0.0
0.0
0.0
0.0
0.0
0.0
0.0
0.0
0.0
0.0
0.0
0.0
0.0
0.0
0.0
0.0
0.0
0.0
0.0
0.0
0.0
0.0
0.0
0.0
0.0
0.0
0.0
0.0
0.0
0.0
0.0
0.0
0.0
0.0
0.0
0.0
0.0
0.0
0.0
0.0
0.0
0.0
0.0
0.0
0.0
0.0
0.0
0.0
0.0
0.0
0.0
0.0
0.0
0.0
0.0
0.0
0.0
0.0
0.0
0.0
0.0
0.0
0.0
0.0
0.0
0.0
0.0
0.0
0.0
0.0
0.0
0.0
0.0
0.0
0.0
0.0
0.0
0.0
0.0
0.0
0.0
0.0
0.0
0.0
0.0
0.0
0.0
0.0
0.0
0.0
0.0
0.0
0.0
0.0
0.0
0.0
0.0
0.0
0.0
0.0
0.0
0.0
0.0
0.0
0.0
0.0
0.0
0.0
0.0
0.0
0.0
0.0
0.0
0.0
0.0
0.0
0.0
0.0
0.0
0.0
0.0
0.0
0.0
0.0
0.0
0.0
0.0
0.0
0.0
0.0
0.0
0.0
0.0
0.0
0.0
0.0
0.0
0.0
0.0
0.0
0.0
0.0
0.0
0.0
0.0
0.0
0.0
0.0
0.0
0.0
0.0
0.0
0.0
0.0
0.0
0.0
0.0
0.0
0.0
0.0
0.0
0.0
0.0
0.0
0.0
0.0
0.0
0.0
0.0
0.0
0.0
0.0
0.0
0.0
0.0
0.0
0.0
0.0
0.0
0.0
0.0
0.0
0.0
0.0
0.0
0.0
0.0
0.0
0.0
0.0
0.0
0.0
0.0
0.0
0.0
0.0
0.0
0.0
0.0
0.0
0.0
0.0
0.0
0.0
0.0
0.0
0.0
0.0
0.0
0.0
0.0
0.0
0.0
0.0
0.0
0.0
0.0
0.0
0.0
0.0
0.0
0.0
0.0
0.0
0.0
0.0
0.0
0.0
0.0
0.0
0.0
0.0
0.0
0.0
0.0
0.0
0.0
0.0
0.0
0.0
0.0
0.0
0.0
0.0
0.0
0.0
0.0
0.0
0.0
0.0
0.0
0.0
0.0
0.0
0.0
0.0
0.0
0.0
0.0
0.0
0.0
0.0
0.0
0.0
0.0
0.0
0.0
0.0
0.0
0.0
0.0
0.0
0.0
0.0
0.0
0.0
0.0
0.0
0.0
0.0
0.0
0.0
0.0
0.0
0.0
0.0
0.0
0.0
0.0
0.0
0.0
0.0
0.0
0.0
0.0
0.0
0.0
0.0
0.0
0.0
0.0
0.0
0.0
0.0
0.0
0.0
0.0
0.0
0.0
0.0
0.0
0.0
0.0
0.0
0.0
0.0
0.0
0.0
0.0
0.0
0.0
0.0
0.0
0.0
0.0
0.0
0.0
0.0
0.0
0.0
0.0
0.0
0.0
0.0
0.0
0.0
0.0
0.0
0.0
0.0
0.0
0.0
0.0
0.0
0.0
0.0
0.0
0.0
0.0
0.0
0.0
0.0
0.0
0.0
0.0
0.0
0.0
0.0
0.0
0.0
0.0
0.0
0.0
0.0
0.0
0.0
0.0
0.0
0.0
0.0
0.0
0.0
0.0
0.0
0.0
0.0
0.0
0.0
0.0
0.0
0.0
0.0
0.0
0.0
0.0
0.0
0.0
0.0
0.0
0.0
0.0
0.0
0.0
0.0
0.0
0.0
0.0
0.0
0.0
0.0
0.0
0.0
0.0
0.0
0.0
0.0
0.0
0.0
0.0
0.0
0.0
0.0
0.0
0.0
0.0
0.0
0.0
0.0
0.0
0.0
0.0
0.0
0.0
0.0
0.0
0.0
0.0
0.0
0.0
0.0
0.0
0.0
0.0
0.0
0.0
0.0
0.0
0.0
0.0
0.0
0.0
0.0
0.0
0.0
0.0
0.0
0.0
0.0
0.0
0.0
0.0
0.0
0.0
0.0
0.0
0.0
0.0
0.0
0.0
0.0
0.0
0.0
0.0
0.0
0.0
0.0
0.0
0.0
0.0
0.0
0.0
0.0
0.0
0.0
0.0
0.0
0.0
0.0
0.0
0.0
0.0
0.0
0.0
0.0
0.0
0.0
0.0
0.0
0.0
0.0
0.0
0.0
0.0
0.0
0.0
0.0
0.0
0.0
0.0
0.0
0.0
0.0
0.0
0.0
0.0
0.0
0.0
0.0
0.0
0.0
0.0
0.0
0.0
0.0
0.0
0.0
0.0
0.0
0.0
0.0
0.0
0.0
0.0
0.0
0.0
0.0
0.0
0.0
0.0
0.0
0.0
0.0
0.0
0.0
0.0
0.0
0.0
0.0
0.0
0.0
0.0
0.0
0.0
0.0
0.0
0.0
0.0
0.0
0.0
0.0
0.0
0.0
0.0
0.0
0.0
0.0
0.0
0.0
0.0
0.0
0.0
0.0
0.0
0.0
0.0
0.0
0.0
0.0
0.0
0.0
0.0
0.0
0.0
0.0
0.0
0.0
0.0
0.0
0.0
0.0
0.0
0.0
0.0
0.0
0.0
0.001
0.001
0.0
0.0
0.0
0.0
0.0
0.0
0.0
0.0
0.0
0.0
0.0
0.0
0.0
0.0
0.0
0.0
0.0
0.0
0.0
0.0
0.0
0.0
0.0
0.0
0.0
0.0
0.0
0.0
0.0
0.0
0.001
0.001
0.0
0.0
0.0
0.0
0.001
0.0
0.0
0.0
0.0
0.0
0.0
0.0
0.0
0.0
0.0
0.0
0.0
0.0
0.0
0.0
0.0
0.0
0.0
0.0
0.0
0.0
0.0
0.0
0.0
0.0
0.002
0.002
0.001
0.001
0.0
0.0
0.001
0.0
0.0
0.0
0.0
0.0
0.0
0.0
0.0
0.0
0.0
0.0
0.0
0.0
0.0
0.0
0.0
0.0
0.0
0.0
0.0
0.0
0.0
0.0
0.0
0.001
0.001
0.002
0.003
0.003
0.002
0.002
0.002
0.001
0.0
0.0
0.0
0.0
0.0
0.0
0.0
0.0
0.0
0.0
0.0
0.0
0.0
0.0
0.0
0.0
0.0
0.0
0.0
0.0
0.0
0.0
0.001
0.003
0.003
0.001
0.002
0.005
0.005
0.004
0.001
0.002
0.0
0.0
0.0
0.0
0.0
0.0
0.0
0.0
0.0
0.0
0.0
0.0
0.0
0.0
0.0
0.0
0.0
0.0
0.001
0.001
0.001
0.004
0.003
0.006
0.006
0.005
0.006
0.009
0.009
0.006
0.002
0.001
0.0
0.0
0.0
0.0
0.0
0.0
0.0
0.0
0.0
0.0
0.0
0.0
0.0
0.0
0.0
0.0
0.0
0.0
0.001
0.001
0.003
0.005
0.007
0.01
0.011
0.018
0.025
0.019
0.013
0.012
0.008
0.003
0.001
0.0
0.0
0.0
0.0
0.0
0.0
0.0
0.0
0.0
0.0
0.0
0.0
0.0
0.0
0.0
0.0
0.0
0.001
0.002
0.002
0.005
0.011
0.014
0.03
0.046
0.048
0.045
0.026
0.023
0.015
0.005
0.002
0.002
0.0
0.0
0.0
0.0
0.0
0.0
0.0
0.0
0.0
0.0
0.0
0.0
0.0
0.0
0.0
0.0
0.001
0.002
0.002
0.005
0.011
0.024
0.059
0.094
0.123
0.09
0.055
0.035
0.016
0.006
0.003
0.0
0.0
0.0
0.0
0.0
0.0
0.0
0.0
0.0
0.0
0.0
0.0
0.0
0.0
0.0
0.0
0.001
0.001
0.002
0.001
0.007
0.014
0.038
0.092
0.179
0.338
0.198
0.098
0.047
0.022
0.007
0.002
0.003
0.0
0.0
0.0
0.0
0.0
0.0
0.0
0.0
0.0
0.0
0.0
0.0
0.0
0.0
0.0
0.0
0.0
0.001
0.002
0.009
0.019
0.053
0.127
0.318
1.0
0.326
0.129
0.054
0.024
0.009
0.006
0.004
0.002
0.0
0.0
0.0
0.0
0.0
0.0
0.0
0.0
0.0
0.0
0.0
0.0
0.0
0.0
0.0
0.0
0.0
0.004
0.006
0.019
0.041
0.1
0.208
0.367
0.194
0.085
0.042
0.021
0.011
0.003
0.005
0.003
0.0
0.0
0.0
0.0
0.0
0.0
0.0
0.0
0.0
0.0
0.0
0.0
0.0
0.0
0.0
0.0
0.0
0.001
0.005
0.017
0.031
0.059
0.099
0.137
0.096
0.049
0.025
0.014
0.007
0.001
0.001
0.001
0.0
0.0
0.0
0.0
0.0
0.0
0.0
0.0
0.0
0.0
0.0
0.0
0.0
0.0
0.001
0.001
0.001
0.001
0.003
0.012
0.015
0.029
0.049
0.052
0.05
0.029
0.02
0.011
0.006
0.003
0.0
0.0
0.0
0.0
0.0
0.0
0.0
0.0
0.0
0.0
0.0
0.0
0.0
0.0
0.0
0.0
0.001
0.0
0.0
0.0
0.004
0.006
0.008
0.017
0.024
0.018
0.019
0.018
0.012
0.009
0.004
0.003
0.001
0.0
0.0
0.0
0.0
0.0
0.0
0.0
0.0
0.0
0.0
0.0
0.0
0.0
0.0
0.0
0.0
0.0
0.0
0.0
0.001
0.004
0.006
0.007
0.012
0.01
0.012
0.012
0.01
0.006
0.002
0.003
0.001
0.001
0.001
0.0
0.0
0.0
0.0
0.0
0.0
0.0
0.0
0.0
0.0
0.0
0.0
0.0
0.0
0.0
0.0
0.001
0.002
0.003
0.004
0.004
0.004
0.002
0.004
0.006
0.007
0.004
0.002
0.002
0.001
0.0
0.0
0.0
0.0
0.0
0.0
0.0
0.0
0.0
0.0
0.0
0.0
0.0
0.0
0.0
0.0
0.0
0.0
0.0
0.001
0.001
0.001
0.002
0.002
0.001
0.001
0.001
0.002
0.002
0.002
0.001
0.001
0.0
0.0
0.0
0.0
0.0
0.0
0.0
0.0
0.0
0.0
0.0
0.0
0.0
0.0
0.0
0.0
0.0
0.0
0.0
0.0
0.0
0.001
0.001
0.002
0.001
0.002
0.003
0.003
0.001
0.001
0.001
0.002
0.0
0.0
0.0
0.0
0.0
0.0
0.0
0.0
0.0
0.0
0.0
0.0
0.0
0.0
0.0
0.0
0.0
0.0
0.0
0.0
0.0
0.0
0.0
0.001
0.001
0.002
0.002
0.002
0.001
0.001
0.001
0.001
0.001
0.0
0.0
0.0
0.0
0.0
0.0
0.0
0.0
0.0
0.0
0.0
0.0
0.0
0.0
0.0
0.0
0.0
0.0
0.0
0.0
0.0
0.0
0.0
0.0
0.001
0.0
0.002
0.001
0.001
0.0
0.0
0.0
0.0
0.0
0.0
0.0
0.0
0.0
0.0
0.0
0.0
0.0
0.0
0.0
0.0
0.0
0.0
0.0
0.0
0.0
0.0
0.0
0.0
0.0
0.0
0.0
0.0
0.0
0.001
0.001
0.0
0.0
0.0
0.0
0.0
0.0
0.0
0.0
0.0
0.0
0.0
0.0
0.0
0.0
0.0
0.0
0.0
0.0
0.0
0.0
0.0
0.0
0.0
0.0
0.0
0.0
0.0
0.0
0.0
0.0
0.001
0.001
0.0
0.0
0.0
0.0
0.0
0.0
0.0
0.0
0.0
0.0
0.0
0.0
0.0
0.0
0.0
0.0
0.0
0.0
0.0
0.0
0.0
0.0
0.0
0.0
0.0
0.0
0.0
0.0
0.0
0.0
0.0
0.0
0.0
0.0
0.0
0.0
0.0
0.0
0.0
0.0
0.0
0.0
0.0
0.0
0.0
0.0
0.0
0.0
0.0
0.0
0.0
0.0
0.0
0.0
0.0
0.0
0.0
0.0
0.0
0.0
0.0
0.0
0.0
0.0
0.0
0.0
0.0
0.0
0.0
0.0
0.0
0.0
0.0
0.0
0.0
0.0
0.0
0.0
0.0
0.0
0.0
0.0
0.0
0.0
0.0
0.0
0.0
0.0
0.0
0.0
0.0
0.0
0.0
0.0
0.0
0.0
0.0
0.0
0.0
0.0
0.0
0.0
0.0
0.0
0.0
0.0
0.0
0.0
0.0
0.0
0.0
0.0
0.0
0.0
0.0
0.0
0.0
0.0
0.0
0.0
0.0
0.0
0.0
0.0
0.0
0.0
0.0
0.0
0.0
0.0
0.0
0.0
0.0
0.0
0.0
0.0
0.0
0.0
0.0
0.0
0.077
0.117
0.133
0.151
0.163
0.18
0.201
0.206
0.207
0.22
0.238
0.242
0.25
0.239
0.225
0.227
0.224
0.229
0.23
0.225
0.227
0.22
0.211
0.202
0.189
0.184
0.189
0.165
0.156
0.143
0.124
0.094
0.116
0.155
0.172
0.195
0.202
0.213
0.227
0.238
0.256
0.264
0.274
0.283
0.279
0.278
0.265
0.275
0.288
0.294
0.281
0.291
0.277
0.27
0.25
0.241
0.235
0.234
0.219
0.199
0.189
0.171
0.151
0.117
0.148
0.172
0.195
0.208
0.227
0.246
0.259
0.272
0.285
0.288
0.299
0.303
0.306
0.295
0.309
0.304
0.314
0.315
0.319
0.323
0.314
0.302
0.285
0.265
0.261
0.246
0.23
0.222
0.202
0.188
0.166
0.143
0.166
0.197
0.217
0.224
0.241
0.255
0.286
0.302
0.303
0.313
0.325
0.333
0.332
0.341
0.347
0.342
0.351
0.35
0.339
0.334
0.329
0.316
0.304
0.291
0.286
0.269
0.26
0.24
0.228
0.219
0.19
0.16
0.178
0.216
0.233
0.241
0.26
0.274
0.297
0.314
0.336
0.352
0.366
0.365
0.366
0.37
0.366
0.374
0.374
0.366
0.351
0.356
0.348
0.336
0.323
0.3
0.295
0.285
0.27
0.265
0.252
0.238
0.197
0.174
0.178
0.217
0.234
0.263
0.27
0.287
0.31
0.342
0.347
0.36
0.381
0.393
0.374
0.377
0.384
0.401
0.395
0.379
0.372
0.368
0.37
0.361
0.337
0.327
0.312
0.305
0.276
0.278
0.264
0.231
0.217
0.175
0.174
0.214
0.251
0.275
0.294
0.324
0.327
0.34
0.363
0.375
0.392
0.398
0.394
0.402
0.406
0.417
0.404
0.394
0.384
0.385
0.386
0.356
0.354
0.351
0.334
0.319
0.301
0.291
0.266
0.229
0.209
0.182
0.177
0.231
0.262
0.29
0.298
0.332
0.337
0.359
0.377
0.403
0.415
0.418
0.417
0.429
0.427
0.446
0.438
0.437
0.424
0.397
0.403
0.392
0.381
0.37
0.348
0.329
0.309
0.301
0.282
0.262
0.223
0.183
0.188
0.229
0.256
0.298
0.317
0.347
0.358
0.379
0.396
0.416
0.434
0.428
0.421
0.442
0.461
0.458
0.461
0.448
0.441
0.434
0.434
0.423
0.41
0.386
0.377
0.339
0.309
0.296
0.28
0.265
0.24
0.189
0.194
0.246
0.27
0.303
0.324
0.356
0.361
0.384
0.403
0.416
0.44
0.443
0.439
0.454
0.476
0.476
0.482
0.468
0.455
0.452
0.434
0.432
0.407
0.411
0.384
0.363
0.34
0.308
0.296
0.275
0.239
0.182
0.195
0.255
0.272
0.307
0.327
0.356
0.381
0.399
0.413
0.401
0.439
0.462
0.457
0.468
0.489
0.512
0.499
0.491
0.494
0.46
0.441
0.433
0.42
0.401
0.388
0.365
0.348
0.317
0.3
0.273
0.239
0.186
0.203
0.254
0.285
0.314
0.333
0.355
0.372
0.397
0.407
0.418
0.455
0.468
0.481
0.494
0.525
0.533
0.535
0.507
0.504
0.468
0.448
0.424
0.43
0.406
0.381
0.369
0.347
0.325
0.299
0.28
0.255
0.199
0.193
0.256
0.294
0.332
0.348
0.365
0.379
0.395
0.424
0.439
0.471
0.507
0.524
0.538
0.57
0.569
0.57
0.539
0.52
0.491
0.458
0.43
0.426
0.422
0.399
0.379
0.363
0.339
0.31
0.289
0.245
0.195
0.205
0.258
0.299
0.325
0.349
0.377
0.387
0.427
0.433
0.449
0.488
0.522
0.548
0.591
0.614
0.632
0.605
0.563
0.538
0.512
0.472
0.464
0.447
0.424
0.406
0.393
0.364
0.349
0.314
0.29
0.243
0.197
0.209
0.26
0.301
0.317
0.35
0.37
0.393
0.413
0.452
0.463
0.498
0.5
0.569
0.615
0.693
0.751
0.677
0.606
0.569
0.534
0.49
0.465
0.444
0.424
0.407
0.394
0.37
0.343
0.316
0.285
0.25
0.205
0.206
0.257
0.297
0.325
0.348
0.385
0.399
0.428
0.453
0.462
0.493
0.504
0.574
0.654
0.731
1.0
0.738
0.633
0.57
0.543
0.509
0.47
0.442
0.435
0.404
0.379
0.361
0.336
0.319
0.299
0.258
0.211
0.218
0.266
0.298
0.334
0.357
0.386
0.405
0.424
0.446
0.481
0.502
0.511
0.565
0.632
0.679
0.742
0.68
0.617
0.575
0.535
0.5
0.467
0.43
0.418
0.392
0.373
0.363
0.334
0.318
0.298
0.265
0.218
0.219
0.266
0.297
0.329
0.345
0.376
0.397
0.421
0.449
0.475
0.506
0.52
0.532
0.59
0.609
0.642
0.608
0.581
0.557
0.524
0.491
0.448
0.415
0.419
0.408
0.375
0.361
0.334
0.324
0.286
0.264
0.219
0.214
0.258
0.31
0.33
0.356
0.374
0.401
0.408
0.427
0.463
0.487
0.489
0.501
0.551
0.569
0.594
0.568
0.559
0.534
0.487
0.487
0.445
0.427
0.41
0.408
0.374
0.362
0.346
0.326
0.288
0.244
0.205
0.209
0.263
0.305
0.328
0.351
0.37
0.395
0.405
0.425
0.444
0.467
0.467
0.481
0.514
0.543
0.55
0.525
0.537
0.516
0.493
0.469
0.45
0.417
0.397
0.392
0.368
0.354
0.334
0.318
0.286
0.23
0.184
0.21
0.257
0.29
0.312
0.348
0.374
0.386
0.39
0.411
0.419
0.452
0.453
0.465
0.494
0.514
0.52
0.521
0.514
0.499
0.471
0.462
0.446
0.425
0.389
0.378
0.357
0.344
0.327
0.3
0.259
0.237
0.186
0.213
0.243
0.273
0.311
0.331
0.355
0.37
0.38
0.401
0.408
0.448
0.461
0.475
0.486
0.489
0.501
0.487
0.485
0.475
0.449
0.437
0.422
0.424
0.403
0.378
0.353
0.323
0.32
0.284
0.257
0.238
0.181
0.205
0.241
0.273
0.315
0.322
0.348
0.365
0.37
0.38
0.396
0.419
0.437
0.44
0.454
0.481
0.471
0.478
0.447
0.446
0.423
0.413
0.416
0.404
0.381
0.365
0.34
0.314
0.309
0.275
0.262
0.227
0.19
0.199
0.252
0.272
0.299
0.318
0.332
0.349
0.372
0.381
0.394
0.414
0.414
0.433
0.439
0.435
0.425
0.444
0.429
0.42
0.407
0.404
0.393
0.389
0.369
0.345
0.329
0.31
0.289
0.279
0.252
0.225
0.186
0.188
0.231
0.262
0.295
0.321
0.331
0.36
0.373
0.37
0.381
0.398
0.396
0.414
0.427
0.429
0.413
0.42
0.415
0.402
0.391
0.385
0.368
0.354
0.354
0.336
0.319
0.302
0.283
0.263
0.238
0.212
0.181
0.173
0.217
0.244
0.269
0.288
0.317
0.336
0.347
0.349
0.356
0.377
0.385
0.391
0.399
0.397
0.404
0.4
0.386
0.388
0.382
0.364
0.368
0.35
0.348
0.332
0.32
0.301
0.282
0.258
0.246
0.214
0.181
0.154
0.209
0.228
0.265
0.285
0.313
0.326
0.325
0.341
0.342
0.357
0.364
0.358
0.377
0.374
0.362
0.374
0.365
0.385
0.37
0.35
0.344
0.329
0.319
0.313
0.312
0.296
0.277
0.255
0.235
0.208
0.164
0.156
0.188
0.217
0.248
0.269
0.287
0.3
0.309
0.324
0.333
0.349
0.339
0.323
0.346
0.357
0.351
0.356
0.344
0.337
0.332
0.333
0.306
0.311
0.3
0.303
0.289
0.266
0.268
0.237
0.221
0.195
0.154
0.154
0.173
0.201
0.226
0.25
0.266
0.276
0.29
0.305
0.315
0.321
0.322
0.31
0.312
0.323
0.325
0.32
0.324
0.33
0.321
0.304
0.304
0.294
0.281
0.281
0.276
0.256
0.246
0.218
0.207
0.174
0.143
0.129
0.164
0.19
0.209
0.224
0.246
0.252
0.271
0.271
0.28
0.29
0.301
0.281
0.286
0.298
0.294
0.312
0.305
0.299
0.298
0.298
0.289
0.266
0.267
0.251
0.234
0.229
0.219
0.196
0.196
0.157
0.129
0.105
0.137
0.166
0.174
0.191
0.214
0.23
0.236
0.239
0.259
0.265
0.273
0.261
0.272
0.255
0.264
0.28
0.28
0.275
0.266
0.255
0.257
0.255
0.245
0.242
0.219
0.201
0.201
0.175
0.167
0.135
0.108
0.077
0.117
0.127
0.134
0.161
0.179
0.187
0.197
0.205
0.214
0.225
0.22
0.214
0.224
0.205
0.207
0.217
0.232
0.231
0.223
0.213
0.213
0.208
0.198
0.191
0.181
0.173
0.165
0.143
0.139
0.113
0.086
0.812
0.888
0.91
0.925
0.927
0.947
0.955
0.937
0.937
0.924
0.945
0.944
0.947
0.942
0.944
0.934
0.941
0.944
0.943
0.937
0.937
0.944
0.933
0.932
0.924
0.937
0.933
0.933
0.929
0.927
0.9
0.809
0.886
0.933
0.958
0.969
0.968
0.977
0.973
0.966
0.975
0.963
0.97
0.972
0.974
0.975
0.972
0.975
0.972
0.972
0.968
0.98
0.969
0.979
0.973
0.971
0.973
0.97
0.972
0.971
0.969
0.961
0.939
0.884
0.914
0.962
0.977
0.971
0.982
0.978
0.978
0.975
0.98
0.981
0.974
0.974
0.98
0.968
0.974
0.975
0.977
0.981
0.983
0.972
0.975
0.976
0.976
0.977
0.98
0.979
0.977
0.979
0.973
0.97
0.958
0.923
0.925
0.959
0.976
0.976
0.974
0.978
0.981
0.979
0.974
0.969
0.978
0.978
0.98
0.977
0.981
0.983
0.981
0.982
0.983
0.978
0.978
0.979
0.977
0.973
0.976
0.982
0.985
0.974
0.975
0.975
0.967
0.906
0.934
0.965
0.977
0.98
0.977
0.975
0.981
0.976
0.982
0.982
0.973
0.98
0.98
0.979
0.981
0.974
0.979
0.975
0.974
0.979
0.98
0.983
0.976
0.98
0.974
0.98
0.982
0.982
0.975
0.982
0.973
0.933
0.935
0.972
0.977
0.976
0.977
0.981
0.978
0.979
0.981
0.986
0.979
0.979
0.985
0.977
0.98
0.977
0.977
0.971
0.974
0.976
0.978
0.982
0.974
0.975
0.979
0.981
0.98
0.982
0.973
0.98
0.979
0.938
0.926
0.97
0.978
0.979
0.98
0.983
0.976
0.978
0.984
0.975
0.973
0.975
0.983
0.98
0.979
0.981
0.979
0.982
0.982
0.981
0.981
0.982
0.978
0.979
0.984
0.981
0.982
0.981
0.98
0.976
0.977
0.931
0.938
0.973
0.98
0.982
0.978
0.979
0.984
0.982
0.98
0.974
0.976
0.983
0.984
0.975
0.979
0.975
0.982
0.977
0.98
0.982
0.985
0.979
0.98
0.98
0.979
0.983
0.981
0.982
0.977
0.982
0.974
0.932
0.942
0.972
0.98
0.976
0.979
0.976
0.977
0.977
0.984
0.973
0.978
0.977
0.981
0.977
0.979
0.979
0.978
0.976
0.98
0.969
0.983
0.979
0.975
0.978
0.974
0.984
0.983
0.977
0.979
0.977
0.973
0.925
0.936
0.972
0.982
0.973
0.975
0.977
0.977
0.973
0.98
0.98
0.975
0.981
0.978
0.976
0.977
0.985
0.982
0.98
0.98
0.975
0.977
0.984
0.983
0.986
0.976
0.982
0.981
0.982
0.974
0.981
0.976
0.94
0.936
0.974
0.983
0.975
0.977
0.979
0.982
0.973
0.975
0.973
0.981
0.981
0.978
0.98
0.981
0.983
0.986
0.974
0.978
0.978
0.978
0.978
0.983
0.976
0.978
0.982
0.981
0.978
0.976
0.981
0.97
0.938
0.936
0.973
0.979
0.973
0.976
0.979
0.98
0.98
0.979
0.984
0.985
0.983
0.978
0.977
0.977
0.983
0.98
0.98
0.976
0.979
0.977
0.983
0.98
0.98
0.979
0.982
0.974
0.983
0.976
0.977
0.973
0.948
0.936
0.97
0.982
0.979
0.978
0.98
0.977
0.984
0.981
0.982
0.982
0.983
0.981
0.984
0.98
0.976
0.974
0.979
0.978
0.976
0.985
0.979
0.983
0.976
0.977
0.975
0.975
0.976
0.977
0.975
0.977
0.946
0.94
0.969
0.981
0.983
0.98
0.977
0.976
0.981
0.978
0.975
0.984
0.974
0.98
0.979
0.978
0.978
0.98
0.982
0.979
0.979
0.986
0.975
0.978
0.983
0.981
0.983
0.98
0.98
0.975
0.974
0.975
0.933
0.934
0.97
0.98
0.978
0.98
0.979
0.976
0.976
0.979
0.973
0.982
0.982
0.979
0.979
0.976
0.979
0.983
0.98
0.982
0.977
0.982
0.981
0.984
0.978
0.978
0.984
0.978
0.981
0.976
0.982
0.973
0.942
0.947
0.971
0.982
0.975
0.978
0.979
0.98
0.984
0.978
0.983
0.98
0.982
0.977
0.978
0.979
1.0
0.984
0.983
0.978
0.978
0.983
0.979
0.981
0.971
0.979
0.977
0.981
0.981
0.98
0.98
0.976
0.948
0.942
0.97
0.977
0.974
0.983
0.982
0.977
0.981
0.975
0.981
0.974
0.982
0.978
0.98
0.977
0.98
0.981
0.984
0.985
0.977
0.978
0.979
0.984
0.979
0.968
0.983
0.98
0.981
0.976
0.978
0.973
0.943
0.941
0.978
0.975
0.976
0.981
0.983
0.982
0.981
0.974
0.977
0.979
0.979
0.978
0.98
0.974
0.976
0.973
0.978
0.982
0.974
0.982
0.98
0.977
0.978
0.978
0.978
0.98
0.98
0.977
0.977
0.977
0.951
0.938
0.972
0.973
0.981
0.983
0.975
0.979
0.98
0.975
0.977
0.977
0.982
0.984
0.976
0.979
0.982
0.982
0.98
0.982
0.978
0.979
0.975
0.983
0.981
0.981
0.98
0.977
0.981
0.983
0.98
0.975
0.939
0.939
0.978
0.974
0.977
0.976
0.973
0.975
0.982
0.978
0.975
0.976
0.974
0.981
0.979
0.983
0.983
0.979
0.975
0.984
0.975
0.98
0.974
0.978
0.98
0.974
0.979
0.981
0.978
0.979
0.979
0.973
0.957
0.946
0.971
0.98
0.976
0.98
0.98
0.983
0.982
0.979
0.978
0.982
0.972
0.975
0.979
0.983
0.977
0.976
0.976
0.976
0.971
0.972
0.975
0.976
0.972
0.987
0.983
0.978
0.976
0.975
0.974
0.979
0.955
0.937
0.975
0.984
0.978
0.975
0.978
0.973
0.983
0.98
0.98
0.978
0.982
0.978
0.979
0.983
0.979
0.978
0.979
0.986
0.979
0.977
0.973
0.979
0.979
0.977
0.977
0.973
0.98
0.976
0.974
0.972
0.945
0.93
0.969
0.98
0.978
0.976
0.976
0.98
0.978
0.977
0.977
0.974
0.978
0.98
0.973
0.97
0.976
0.973
0.981
0.985
0.974
0.974
0.979
0.983
0.977
0.981
0.979
0.977
0.979
0.976
0.981
0.967
0.925
0.925
0.974
0.973
0.974
0.977
0.977
0.984
0.982
0.979
0.984
0.982
0.976
0.98
0.977
0.976
0.971
0.981
0.973
0.981
0.981
0.976
0.98
0.98
0.977
0.984
0.976
0.981
0.983
0.976
0.978
0.971
0.932
0.921
0.977
0.976
0.981
0.973
0.982
0.977
0.98
0.98
0.977
0.977
0.982
0.981
0.976
0.981
0.975
0.98
0.984
0.982
0.976
0.976
0.977
0.975
0.977
0.976
0.982
0.977
0.977
0.98
0.981
0.969
0.949
0.919
0.966
0.975
0.984
0.984
0.982
0.972
0.985
0.98
0.985
0.982
0.98
0.982
0.979
0.981
0.979
0.976
0.976
0.978
0.981
0.972
0.971
0.977
0.979
0.977
0.98
0.979
0.982
0.981
0.973
0.964
0.939
0.928
0.97
0.981
0.982
0.977
0.98
0.975
0.983
0.983
0.977
0.979
0.978
0.978
0.983
0.975
0.981
0.981
0.979
0.984
0.979
0.972
0.971
0.973
0.98
0.979
0.975
0.98
0.981
0.98
0.979
0.965
0.936
0.933
0.969
0.971
0.973
0.979
0.982
0.979
0.978
0.984
0.978
0.978
0.981
0.978
0.979
0.981
0.982
0.984
0.977
0.98
0.979
0.979
0.98
0.977
0.982
0.979
0.979
0.978
0.974
0.98
0.973
0.967
0.933
0.926
0.965
0.965
0.982
0.976
0.977
0.978
0.973
0.98
0.974
0.979
0.978
0.979
0.977
0.978
0.98
0.983
0.974
0.973
0.983
0.979
0.981
0.976
0.979
0.978
0.981
0.983
0.98
0.978
0.976
0.966
0.933
0.92
0.961
0.962
0.976
0.974
0.978
0.968
0.977
0.979
0.974
0.975
0.978
0.971
0.971
0.974
0.982
0.981
0.974
0.98
0.977
0.97
0.984
0.977
0.98
0.983
0.981
0.985
0.977
0.977
0.97
0.961
0.933
0.895
0.951
0.959
0.967
0.967
0.969
0.974
0.97
0.971
0.972
0.977
0.975
0.965
0.962
0.977
0.974
0.977
0.968
0.979
0.971
0.978
0.973
0.974
0.971
0.968
0.97
0.976
0.977
0.974
0.959
0.937
0.894
0.821
0.898
0.912
0.933
0.934
0.928
0.935
0.932
0.936
0.941
0.922
0.924
0.939
0.932
0.941
0.955
0.941
0.94
0.949
0.944
0.946
0.939
0.941
0.94
0.944
0.94
0.944
0.946
0.933
0.923
0.891
0.821

inf
inf
inf
inf
inf
inf
inf
inf
inf
inf
inf
inf
inf
inf
inf
inf
inf
inf
inf
inf
inf
inf
inf
inf
inf
inf
inf
inf
inf
inf
inf
inf
inf
inf
inf
inf
inf
inf
inf
inf
inf
inf
inf
inf
inf
inf
inf
inf
inf
inf
inf
inf
inf
inf
inf
inf
inf
inf
inf
inf
inf
inf
inf
inf
inf
inf
inf
inf
inf
inf
inf
inf
inf
inf
inf
inf
inf
inf
inf
inf
inf
inf
inf
inf
inf
inf
inf
inf
inf
inf
inf
inf
inf
inf
inf
inf
inf
inf
inf
inf
inf
inf
inf
inf
inf
inf
inf
inf
inf
inf
inf
inf
inf
inf
inf
inf
inf
inf
inf
inf
inf
inf
inf
inf
inf
inf
inf
inf
inf
inf
inf
inf
inf
inf
inf
inf
inf
inf
inf
inf
inf
inf
inf
inf
inf
inf
inf
inf
inf
inf
inf
inf
inf
inf
inf
inf
inf
inf
inf
inf
inf
inf
inf
inf
inf
inf
inf
inf
inf
inf
inf
inf
inf
inf
inf
inf
inf
inf
inf
inf
inf
inf
inf
inf
inf
inf
inf
inf
inf
inf
inf
inf
inf
inf
inf
inf
inf
inf
inf
inf
inf
inf
inf
inf
inf
inf
inf
inf
inf
inf
inf
inf
inf
inf
inf
inf
inf
inf
inf
inf
inf
inf
inf
inf
inf
inf
inf
inf
inf
inf
inf
inf
inf
inf
inf
inf
inf
inf
inf
inf
inf
inf
inf
inf
inf
inf
inf
inf
inf
inf
inf
inf
inf
inf
inf
inf
inf
inf
inf
inf
inf
inf
inf
inf
inf
inf
inf
inf
inf
inf
inf
inf
inf
inf
inf
inf
inf
inf
inf
inf
inf
inf
inf
inf
inf
inf
inf
inf
inf
inf
inf
inf
inf
inf
inf
inf
inf
inf
inf
inf
inf
inf
inf
inf
inf
inf
inf
inf
inf
inf
inf
inf
inf
inf
inf
inf
inf
inf
inf
inf
inf
inf
inf
inf
inf
inf
inf
inf
inf
inf
inf
inf
inf
inf
inf
inf
inf
inf
inf
inf
inf
inf
inf
inf
inf
inf
inf
inf
inf
inf
inf
inf
inf
inf
inf
inf
inf
inf
inf
inf
inf
inf
inf
inf
inf
inf
inf
inf
inf
inf
inf
inf
inf
inf
inf
inf
inf
inf
inf
inf
inf
inf
inf
inf
inf
inf
inf
inf
inf
inf
inf
inf
inf
inf
inf
inf
inf
inf
inf
4.0
5.0
inf
inf
inf
inf
inf
inf
inf
inf
inf
inf
inf
inf
inf
inf
inf
inf
inf
inf
inf
inf
inf
inf
inf
inf
inf
inf
inf
inf
inf
4.0
3.3076923076923075
4.0
inf
inf
inf
inf
inf
inf
inf
inf
inf
inf
inf
inf
inf
inf
inf
inf
inf
inf
inf
inf
inf
inf
inf
inf
inf
inf
inf
5.0
4.0
3.0
2.0384615384615383
3.0
4.0
inf
inf
inf
inf
inf
inf
inf
inf
inf
inf
inf
inf
inf
inf
inf
inf
inf
inf
inf
inf
inf
inf
inf
inf
inf
inf
4.0
3.0869565217391304
2.034188034188034
1.0
2.0194174757281553
3.0
inf
inf
inf
inf
inf
inf
inf
inf
inf
inf
inf
inf
inf
inf
inf
inf
inf
inf
inf
inf
inf
inf
inf
inf
inf
inf
inf
4.0
3.1538461538461537
2.0625
3.0
4.0
inf
inf
inf
inf
inf
inf
inf
inf
inf
inf
inf
inf
inf
inf
inf
inf
inf
inf
inf
inf
inf
inf
inf
inf
inf
inf
inf
inf
4.0
3.0
4.0
5.0
inf
inf
inf
inf
inf
inf
inf
inf
inf
inf
inf
inf
inf
inf
inf
inf
inf
inf
inf
inf
inf
inf
inf
inf
inf
inf
inf
inf
inf
4.0
inf
inf
inf
inf
inf
inf
inf
inf
inf
inf
inf
inf
inf
inf
inf
inf
inf
inf
inf
inf
inf
inf
inf
inf
inf
inf
inf
inf
inf
inf
inf
inf
inf
inf
inf
inf
inf
inf
inf
inf
inf
inf
inf
inf
inf
inf
inf
inf
inf
inf
inf
inf
inf
inf
inf
inf
inf
inf
inf
inf
inf
inf
inf
inf
inf
inf
inf
inf
inf
inf
inf
inf
inf
inf
inf
inf
inf
inf
inf
inf
inf
inf
inf
inf
inf
inf
inf
inf
inf
inf
inf
inf
inf
inf
inf
inf
inf
inf
inf
inf
inf
inf
inf
inf
inf
inf
inf
inf
inf
inf
inf
inf
inf
inf
inf
inf
inf
inf
inf
inf
inf
inf
inf
inf
inf
inf
inf
inf
inf
inf
inf
inf
inf
inf
inf
inf
inf
inf
inf
inf
inf
inf
inf
inf
inf
inf
inf
inf
inf
inf
inf
inf
inf
inf
inf
inf
inf
inf
inf
inf
inf
inf
inf
inf
inf
inf
inf
inf
inf
inf
inf
inf
inf
inf
inf
inf
inf
inf
inf
inf
inf
inf
inf
inf
inf
inf
inf
inf
inf
inf
inf
inf
inf
inf
inf
inf
inf
inf
inf
inf
inf
inf
inf
inf
inf
inf
inf
inf
inf
inf
inf
inf
inf
inf
inf
inf
inf
inf
inf
inf
inf
inf
inf
inf
inf
inf
inf
inf
inf
inf
inf
inf
inf
inf
inf
inf
inf
inf
inf
inf
inf
inf
inf
inf
inf
inf
inf
inf
inf
inf
inf
inf
inf
inf
inf
inf
inf
inf
inf
inf
inf
inf
inf
inf
inf
inf
inf
inf
inf
inf
inf
inf
inf
inf
inf
inf
inf
inf
inf
inf
inf
inf
inf
inf
inf
inf
inf
inf
inf
inf
inf
inf
inf
inf
inf
inf
inf
inf
inf
inf
inf
inf
inf
inf
inf
inf
inf
inf
inf
inf
inf
inf
inf
inf
inf
inf
inf
inf
inf
inf
inf
inf
inf
inf
inf
inf
inf
inf
inf
inf
inf
inf
inf
inf
inf
inf
inf
inf
inf
inf
inf
inf
inf
inf
inf
inf
inf
inf
inf
inf
inf
inf
inf
inf
inf
inf
inf
inf
inf
inf
inf
inf
inf
inf
inf
inf
inf
inf
inf
inf
inf
inf
inf
inf
inf
inf
inf
inf
inf
inf
inf
inf
inf
inf
inf
inf
inf
inf
inf
inf
inf
inf
inf
inf
inf
inf
inf
inf
inf
inf
inf
inf
inf
inf
inf
inf
inf
inf
inf
inf
inf
inf
inf
inf
inf
inf
inf
inf
inf
inf
inf
inf
inf
inf
inf
inf
inf
inf
inf
inf
inf
inf
inf
inf
inf
inf
inf
inf
inf
inf
inf
inf
inf
inf
inf
inf
inf
inf
inf
inf
inf
inf
inf
inf
inf
inf
inf
inf
inf
inf
inf
inf
inf
inf
inf
inf
inf
inf
inf
inf
inf
inf
inf
inf
inf
inf
inf
inf
inf
inf
inf
inf
inf
inf
inf
inf
inf
inf
inf
inf
inf
inf
inf
inf
inf
inf
inf
inf
inf
inf
inf
inf
inf
inf
inf
inf
inf
inf
inf
inf
inf
inf
inf
inf
inf
inf
inf
inf
inf
inf
inf
inf
inf
inf
inf
inf
inf
inf
inf
inf
inf
inf
inf
inf
inf
inf
inf
inf
inf
inf
inf
inf
inf
inf
inf
inf
inf
inf
inf
inf
inf
inf
inf
inf
inf
inf
inf
inf
inf
inf
inf
inf
inf
inf
inf
inf
inf
inf
inf
inf
inf
inf
inf
inf
inf
inf
inf
inf
inf
inf
inf
inf
inf
inf
inf
inf
inf
inf
inf
inf
inf
inf
inf
inf
inf
inf
inf
inf
inf
inf
inf
inf
inf
inf
inf
15.0
14.0
inf
inf
inf
inf
inf
inf
inf
inf
inf
inf
inf
inf
inf
inf
inf
inf
inf
inf
inf
inf
inf
inf
inf
inf
inf
inf
inf
inf
inf
inf
14.0
13.0
inf
inf
inf
inf
14.0
inf
inf
inf
inf
inf
inf
inf
inf
inf
inf
inf
inf
inf
inf
inf
inf
inf
inf
inf
inf
inf
inf
inf
inf
inf
15.0
14.0
15.0
16.0
inf
inf
13.0
inf
inf
inf
inf
inf
inf
inf
inf
inf
inf
inf
inf
inf
inf
inf
inf
inf
inf
inf
inf
inf
inf
inf
inf
15.0
12.0
13.0
13.333333333333334
12.333333333333334
13.0
12.0
13.0
13.0
inf
inf
inf
inf
inf
inf
inf
inf
inf
inf
inf
inf
inf
inf
inf
inf
inf
inf
inf
inf
inf
inf
11.0
11.333333333333334
12.333333333333334
14.0
11.0
11.2
11.4
11.5
13.0
13.0
inf
inf
inf
inf
inf
inf
inf
inf
inf
inf
inf
inf
inf
inf
inf
inf
inf
inf
18.0
19.0
18.0
14.0
13.333333333333334
11.0
10.0
8.6
9.0
9.666666666666666
9.777777777777779
10.333333333333334
13.0
11.0
inf
inf
inf
inf
inf
inf
inf
inf
inf
inf
inf
inf
inf
inf
inf
inf
inf
inf
17.0
16.0
15.666666666666666
13.2
10.714285714285714
9.6
7.363636363636363
7.555555555555555
6.6
7.052631578947368
7.615384615384615
8.833333333333334
10.5
10.666666666666666
13.0
inf
inf
inf
inf
inf
inf
inf
inf
inf
inf
inf
inf
inf
inf
inf
inf
inf
16.0
16.0
15.0
12.6
10.181818181818182
8.0
6.533333333333333
6.043478260869565
5.291666666666667
5.844444444444444
7.076923076923077
7.608695652173913
9.2
9.8
11.0
12.0
inf
inf
inf
inf
inf
inf
inf
inf
inf
inf
inf
inf
inf
inf
inf
inf
17.0
17.0
17.0
11.6
8.454545454545455
7.416666666666667
5.88135593220339
4.723404255319149
3.796747967479675
4.555555555555555
5.509090909090909
6.857142857142857
8.625
10.0
11.666666666666666
inf
inf
inf
inf
inf
inf
inf
inf
inf
inf
inf
inf
inf
inf
inf
inf
19.0
18.0
17.0
16.0
10.142857142857142
7.571428571428571
5.947368421052632
4.739130434782608
3.4245810055865924
2.331360946745562
3.3535353535353534
4.591836734693878
5.9787234042553195
7.7272727272727275
9.857142857142858
10.0
10.333333333333334
inf
inf
inf
inf
inf
inf
inf
inf
inf
inf
inf
inf
inf
inf
inf
inf
inf
14.0
11.0
7.777777777777778
6.7894736842105265
5.39622641509434
4.039370078740157
2.3647798742138364
1.0
2.374233128834356
3.89922480620155
5.296296296296297
7.333333333333333
8.88888888888889
10.333333333333334
11.5
12.0
inf
inf
inf
inf
inf
inf
inf
inf
inf
inf
inf
inf
inf
inf
inf
inf
inf
9.5
8.333333333333334
6.947368421052632
6.121951219512195
4.88
3.3173076923076925
2.3596730245231607
3.422680412371134
4.635294117647059
6.428571428571429
8.0
9.363636363636363
9.333333333333334
11.8
12.0
inf
inf
inf
inf
inf
inf
inf
inf
inf
inf
inf
inf
inf
inf
inf
inf
inf
9.0
10.0
8.058823529411764
6.838709677419355
5.915254237288136
4.525252525252525
3.948905109489051
4.770833333333333
6.26530612244898
7.28
8.0
10.0
9.0
10.0
11.0
inf
inf
inf
inf
inf
inf
inf
inf
inf
inf
inf
inf
inf
inf
13.0
12.0
11.0
10.0
9.666666666666666
8.666666666666666
8.2
7.172413793103448
5.8979591836734695
5.884615384615385
6.08
7.724137931034483
8.2
9.818181818181818
10.666666666666666
11.333333333333334
inf
inf
inf
inf
inf
inf
inf
inf
inf
inf
inf
inf
inf
inf
inf
inf
14.0
inf
inf
inf
11.0
10.0
9.0
8.529411764705882
7.5
7.222222222222222
7.578947368421052
9.222222222222221
10.0
9.666666666666666
11.0
11.666666666666666
12.0
inf
inf
inf
inf
inf
inf
inf
inf
inf
inf
inf
inf
inf
inf
inf
inf
inf
inf
inf
11.0
10.5
10.333333333333334
9.142857142857142
8.5
9.2
9.333333333333334
9.833333333333334
10.4
11.0
13.0
13.333333333333334
13.0
14.0
15.0
inf
inf
inf
inf
inf
inf
inf
inf
inf
inf
inf
inf
inf
inf
inf
inf
15.0
13.0
12.333333333333334
11.5
9.5
9.0
9.0
10.5
11.333333333333334
11.428571428571429
13.0
14.0
14.0
14.0
inf
inf
inf
inf
inf
inf
inf
inf
inf
inf
inf
inf
inf
inf
inf
inf
inf
inf
inf
13.0
12.0
11.0
10.0
11.0
12.0
13.0
10.0
13.0
13.0
14.0
16.0
15.0
inf
inf
inf
inf
inf
inf
inf
inf
inf
inf
inf
inf
inf
inf
inf
inf
inf
inf
inf
inf
inf
14.0
13.0
12.0
13.0
15.0
15.666666666666666
14.666666666666666
15.0
16.0
17.0
17.0
inf
inf
inf
inf
inf
inf
inf
inf
inf
inf
inf
inf
inf
inf
inf
inf
inf
inf
inf
inf
inf
inf
inf
13.0
14.0
16.0
16.0
15.0
16.0
17.0
18.0
19.0
20.0
inf
inf
inf
inf
inf
inf
inf
inf
inf
inf
inf
inf
inf
inf
inf
inf
inf
inf
inf
inf
inf
inf
inf
inf
16.0
inf
16.0
17.0
18.0
inf
inf
inf
inf
inf
inf
inf
inf
inf
inf
inf
inf
inf
inf
inf
inf
inf
inf
inf
inf
inf
inf
inf
inf
inf
inf
inf
inf
inf
17.0
20.0
inf
inf
inf
inf
inf
inf
inf
inf
inf
inf
inf
inf
inf
inf
inf
inf
inf
inf
inf
inf
inf
inf
inf
inf
inf
inf
inf
inf
inf
inf
18.0
19.0
inf
inf
inf
inf
inf
inf
inf
inf
inf
inf
inf
inf
inf
inf
inf
inf
inf
inf
inf
inf
inf
inf
inf
inf
inf
inf
inf
inf
inf
inf
inf
inf
inf
inf
inf
inf
inf
inf
inf
inf
inf
inf
inf
inf
inf
inf
inf
inf
inf
inf
inf
inf
inf
inf
inf
inf
inf
inf
inf
inf
inf
inf
inf
inf
inf
inf
inf
inf
inf
inf
inf
inf
inf
inf
inf
inf
inf
inf
inf
inf
inf
inf
inf
inf
inf
inf
inf
inf
inf
inf
inf
inf
inf
inf
inf
inf
inf
inf
inf
inf
inf
inf
inf
inf
inf
inf
inf
inf
inf
inf
inf
inf
inf
inf
inf
inf
inf
inf
inf
inf
inf
inf
inf
inf
inf
inf
inf
inf
inf
inf
inf
inf
inf
inf
inf
inf
inf
inf
inf
inf
41.05194805194805
41.914529914529915
41.88721804511278
40.35761589403973
40.15337423312884
38.577777777777776
37.985074626865675
37.679611650485434
36.468599033816425
36.263636363636365
36.27731092436975
36.33884297520661
36.152
35.74058577405858
35.94222222222222
35.991189427312776
35.785714285714285
34.19213973799127
34.38260869565217
36.94222222222222
37.27312775330397
36.89090909090909
37.81516587677725
38.98019801980198
39.592592592592595
40.79347826086956
41.973544973544975
42.88484848484848
43.44871794871795
44.83916083916084
45.725806451612904
46.170212765957444
41.275862068965516
40.63870967741936
40.47674418604651
40.4974358974359
39.10891089108911
37.948356807511736
37.18942731277533
36.57983193277311
35.375
34.97727272727273
35.394160583941606
35.31095406360424
34.68817204301075
34.63309352517986
34.95849056603774
34.88363636363636
34.34722222222222
34.48299319727891
35.12455516014235
36.16151202749141
36.48375451263538
36.2
36.776
37.87966804979253
38.58723404255319
38.82905982905983
40.44748858447488
42.04522613065327
42.25396825396825
44.06432748538012
45.52317880794702
46.94871794871795
41.391891891891895
40.77906976744186
39.738461538461536
39.35576923076923
37.93392070484582
37.113821138211385
35.424710424710426
35.4485294117647
34.55789473684211
34.270833333333336
33.474916387959865
33.85478547854785
33.568627450980394
32.55593220338983
32.702265372168284
33.13815789473684
32.36942675159236
33.11746031746032
33.1128526645768
34.35294117647059
35.18471337579618
35.52317880794702
36.44561403508772
36.845283018867924
37.52873563218391
37.926829268292686
39.6
40.81981981981982
42.10891089108911
42.54255319148936
44.397590361445786
45.06293706293706
41.55421686746988
40.12690355329949
38.8479262672811
37.9375
37.01244813278009
36.39607843137255
34.82517482517483
33.56953642384106
32.600660066006604
32.412140575079874
32.08615384615385
31.852852852852852
31.89156626506024
31.656891495601172
31.089337175792508
31.228070175438596
30.997150997150996
32.05714285714286
31.61061946902655
32.21556886227545
33.86626139817629
34.09493670886076
34.71052631578947
35.419243986254294
36.71328671328671
37.22304832713755
38.353846153846156
38.791666666666664
40.48245614035088
41.538812785388124
42.49473684210526
43.7875
40.337078651685395
39.324074074074076
37.858369098712444
36.738589211618255
36.26923076923077
34.89051094890511
33.04713804713805
32.35668789808917
31.541666666666668
31.045454545454547
30.0327868852459
30.663013698630138
30.360655737704917
30.09189189189189
29.56830601092896
29.705882352941178
30.0427807486631
30.273224043715846
30.57834757834758
31.43820224719101
31.816091954022987
32.69047619047619
33.68730650154799
34.61333333333334
35.25084745762712
36.421052631578945
36.77777777777778
38.35471698113208
39.357142857142854
40.714285714285715
42.34010152284264
42.51724137931034
38.73033707865169
38.05069124423963
37.598290598290596
35.70722433460076
34.8962962962963
33.66202090592334
32.10322580645161
31.0
30.31700288184438
29.583333333333332
28.9501312335958
28.791348600508904
28.951871657754012
28.071618037135277
27.536458333333332
27.753117206982544
28.131645569620254
28.651715039577837
28.989247311827956
29.369565217391305
30.07027027027027
31.282548476454295
32.35014836795252
33.56269113149847
34.44230769230769
34.79672131147541
36.45652173913044
37.32374100719424
38.553030303030305
40.116883116883116
41.235023041474655
41.308571428571426
39.05747126436781
37.44859813084112
36.625498007968126
34.67636363636364
33.816326530612244
32.141975308641975
30.761467889908257
29.723529411764705
28.939393939393938
28.058666666666667
27.301020408163264
26.628140703517587
26.20812182741117
25.885572139303484
25.354679802955665
25.980815347721823
26.425742574257427
26.710659898477157
27.333333333333332
28.025974025974026
28.569948186528496
29.98876404494382
30.74576271186441
32.18803418803419
33.275449101796404
33.81818181818182
35.179401993355484
36.29553264604811
37.037593984962406
38.96943231441048
39.50717703349282
40.043956043956044
38.0225988700565
36.84415584415584
35.82442748091603
34.37931034482759
33.22147651006711
31.650602409638555
29.78635014836795
28.615598885793872
27.448275862068964
26.379652605459057
25.233734939759035
24.942583732057415
24.191846522781773
24.086247086247088
23.587822014051522
23.982062780269057
24.32420091324201
24.835240274599542
25.33490566037736
26.335012594458437
26.535980148883375
27.729591836734695
29.748031496062993
31.410810810810812
32.35632183908046
33.20668693009119
34.310679611650485
35.66445182724252
37.00709219858156
38.63358778625954
39.3542600896861
39.60109289617486
37.776595744680854
35.903930131004365
34.625
33.43624161073826
32.00946372239748
30.414985590778098
28.793296089385475
26.939313984168866
26.247474747474747
24.91826923076923
23.797235023041473
23.11214953271028
22.3729216152019
21.923076923076923
21.90238611713666
21.54585152838428
21.811279826464208
22.642857142857142
23.38095238095238
24.317972350230416
25.76958525345622
26.501182033096928
28.336585365853658
29.492227979274613
31.074270557029177
32.743362831858406
33.81553398058252
35.49324324324324
36.65
37.72075471698113
38.666666666666664
39.12169312169312
36.350515463917525
35.91056910569106
34.0
32.788778877887786
31.685185185185187
29.764044943820224
28.48753462603878
26.380208333333332
25.101736972704714
23.759615384615383
22.472727272727273
21.045146726862303
20.514806378132118
20.048458149779737
19.235294117647058
19.1218487394958
20.09128630705394
20.273504273504273
21.336263736263735
23.07079646017699
24.018433179723502
25.23148148148148
26.520884520884522
28.25060827250608
29.6875
31.666666666666668
32.9
34.41558441558441
36.12837837837838
36.84
38.66108786610879
39.07692307692308
36.784615384615385
35.411764705882355
33.9485294117647
32.51465798045603
30.95107033639144
28.876404494382022
27.62992125984252
25.533834586466167
24.181598062953995
21.69077306733167
20.69476082004556
19.341991341991342
17.99781181619256
17.081196581196583
16.554192229038854
16.85546875
17.012024048096194
18.032586558044805
19.663967611336034
20.895652173913042
22.519274376417233
24.221709006928407
25.88095238095238
26.60847880299252
28.59278350515464
30.72876712328767
32.44252873563219
34.27129337539432
35.333333333333336
36.9010989010989
38.19665271966527
39.666666666666664
36.76847290640394
35.07086614173228
33.69122807017544
31.872611464968152
29.543543543543542
28.16056338028169
27.532258064516128
24.506297229219143
23.493857493857494
21.119617224880383
19.037362637362637
17.482905982905983
15.758835758835758
14.898785425101215
14.266666666666667
14.118198874296436
14.332710280373831
15.055226824457593
17.103174603174605
18.581196581196583
20.709821428571427
22.57547169811321
24.74418604651163
25.704433497536947
27.42257217847769
30.008130081300813
31.780979827089336
33.184615384615384
35.02341137123746
36.378571428571426
37.576470588235296
39.130653266331656
35.39378238341969
34.2890625
32.68707482993197
31.27710843373494
29.637931034482758
27.561643835616437
26.646437994722955
24.253164556962027
22.452830188679247
20.469248291571756
18.43524416135881
15.897435897435898
14.064885496183207
12.732342007434944
11.589473684210526
11.036906854130052
11.357894736842105
12.975881261595548
14.5
16.590631364562118
18.707423580786028
20.26511627906977
22.450704225352112
25.10900473933649
27.095238095238095
29.46174142480211
30.201101928374655
32.95575221238938
33.85806451612903
35.910034602076124
37.775510204081634
38.276923076923076
35.15121951219512
33.89147286821706
33.096989966555185
31.135384615384616
29.965616045845273
28.06631299734748
26.35142118863049
24.039812646370024
21.224018475750576
19.120267260579066
17.352459016393443
15.003831417624522
12.41970802919708
10.702199661590525
9.19543973941368
7.879746835443038
8.548760330578512
10.374777975133215
12.8364312267658
14.9921875
17.470338983050848
19.762931034482758
22.465324384787472
24.54245283018868
26.738916256157637
28.669211195928753
30.615384615384617
32.220630372492835
33.49044585987261
35.2
37.23456790123457
38.70558375634518
34.961722488038276
34.261538461538464
32.501661129568106
30.86435331230284
29.497142857142858
28.227027027027027
26.0941475826972
23.47215496368039
20.699115044247787
18.617710583153347
15.879518072289157
13.752
11.246045694200351
9.05691056910569
6.997113997113997
4.647137150466046
6.178729689807977
8.270627062706271
11.569420035149385
14.123595505617978
16.493877551020407
19.286021505376343
21.26126126126126
23.33490566037736
26.027027027027028
28.19289340101523
30.8
32.25655976676385
33.120253164556964
34.31578947368421
36.248
38.52682926829268
34.37864077669903
33.39688715953307
32.61952861952862
31.689230769230768
29.95977011494253
28.397402597402596
26.63157894736842
23.976635514018692
20.87858719646799
18.961038961038962
16.807302231237323
13.40079365079365
10.578397212543553
8.051987767584098
4.601915184678522
1.0
4.186991869918699
7.306477093206951
10.396491228070175
13.294659300184161
16.286836935166995
19.27659574468085
20.914027149321267
23.671264367816093
26.599009900990097
29.063324538258573
30.465373961218837
32.351190476190474
34.156739811912225
34.1505016722408
36.41085271317829
38.06161137440758
35.07339449541284
33.714285714285715
32.12751677852349
31.377245508982035
29.95798319327731
28.590673575129532
26.387654320987654
24.12735849056604
21.654708520179373
19.5010395010395
17.095617529880478
14.023483365949119
11.099115044247787
8.85126582278481
6.257731958762887
3.9784366576819408
5.573529411764706
7.957860615883306
10.986086956521739
14.22803738317757
16.628
19.259100642398288
21.995348837209303
24.076555023923444
26.663265306122447
28.831099195710454
30.90082644628099
32.08982035928144
33.855345911949684
34.288590604026844
36.049056603773586
37.72477064220183
35.269406392694066
34.473684210526315
32.94276094276094
31.37082066869301
30.568115942028985
28.27127659574468
26.443324937027707
24.363420427553443
22.01781737193764
20.187368421052632
17.395256916996047
14.865384615384615
13.218045112781954
10.75593220338983
9.267651888341543
7.623052959501558
8.3125
9.99827882960413
11.870736086175942
14.84732824427481
17.792260692464357
20.21875
22.02409638554217
24.599045346062052
26.877450980392158
28.834666666666667
30.38781163434903
32.34131736526946
33.94444444444444
35.07692307692308
36.71212121212121
38.38812785388128
35.87850467289719
35.14728682170543
33.774193548387096
31.76969696969697
30.48314606741573
29.336898395721924
27.23940149625935
25.877450980392158
22.995316159250585
20.518358531317496
18.626283367556468
16.445807770961146
14.544910179640718
12.50453720508167
11.75219683655536
10.801346801346801
11.172535211267606
12.422182468694096
13.681647940074907
16.20123203285421
18.527720739219713
20.274157303370785
21.97423887587822
24.84390243902439
26.63235294117647
28.855614973262032
30.364640883977902
32.26011560693642
34.29447852760736
35.854166666666664
37.0655737704918
38.78048780487805
36.57416267942584
35.94296577946768
34.131147540983605
32.396341463414636
30.985754985754987
29.983783783783785
28.18227848101266
25.953086419753088
24.15529411764706
21.77027027027027
20.693790149892934
18.21627408993576
16.906444906444907
15.042801556420233
14.449355432780846
13.763636363636364
14.75047619047619
14.940409683426443
15.968992248062015
17.689655172413794
19.402985074626866
21.435555555555556
23.453237410071942
25.070528967254408
27.025510204081634
28.83695652173913
30.519774011299436
32.82035928143713
34.503144654088054
36.16083916083916
37.70434782608696
39.47826086956522
37.31428571428572
36.793774319066145
34.793103448275865
33.57692307692308
31.511494252873565
30.25133689839572
28.39378238341969
26.605128205128207
25.690997566909974
23.799522673031028
22.079646017699115
20.132450331125828
19.086021505376344
17.793522267206477
17.43190661478599
16.473076923076924
17.030710172744723
17.64980544747082
18.48697394789579
19.1932059447983
20.571428571428573
22.641255605381165
24.2
26.323907455012854
27.788359788359788
30.089635854341736
31.447674418604652
33.28440366972477
35.053333333333335
37.204633204633204
38.561181434599156
39.83870967741935
38.582159624413144
36.925925925925924
35.311355311355314
34.41479099678457
32.51359516616314
31.304225352112677
29.491891891891893
27.92105263157895
26.523690773067333
24.872549019607842
23.299107142857142
21.850325379609544
20.95157894736842
19.97530864197531
19.49284253578732
18.976047904191617
18.989733059548254
19.83298969072165
20.48
21.547884187082406
22.398169336384438
24.123222748815166
25.54245283018868
27.357320099255585
29.333333333333332
30.68271954674221
32.26006191950464
33.8875
35.2887323943662
37.46692607003891
38.63865546218487
39.110497237569064
39.673170731707316
37.2448132780083
36.062271062271066
34.958730158730155
33.50931677018634
32.82183908045977
30.873972602739727
28.464864864864865
27.347368421052632
25.949494949494948
24.389021479713605
23.37299771167048
22.636363636363637
21.86784140969163
21.61954261954262
21.579617834394906
20.84937238493724
22.14765100671141
22.878923766816143
23.673758865248228
24.046004842615012
25.802884615384617
26.95049504950495
28.37270341207349
30.112328767123287
31.652941176470588
33.452229299363054
34.90614886731392
36.27272727272727
38.0763358778626
39.969162995594715
40.97894736842105
38.87437185929648
37.904761904761905
37.669117647058826
36.00334448160535
34.496855345911946
33.57831325301205
31.959885386819483
29.774193548387096
28.6246719160105
27.289340101522843
26.11111111111111
24.869565217391305
24.193995381062354
23.32346241457859
23.770114942528735
23.334117647058825
23.45045045045045
23.82051282051282
24.728571428571428
25.393120393120395
26.465346534653467
27.921119592875318
28.802056555269925
29.834688346883468
31.286956521739132
32.19756838905775
33.619354838709675
36.16262975778547
37.763440860215056
39.095238095238095
40.346666666666664
41.31182795698925
39.159574468085104
38.510822510822514
37.908396946564885
36.454237288135594
34.82554517133956
33.66767371601208
32.47222222222222
30.91152815013405
30.28108108108108
28.923884514435695
28.060301507537687
26.53030303030303
25.8743961352657
25.11007025761124
25.624708624708624
25.45278450363196
25.133333333333333
25.84578313253012
26.393034825870647
27.335038363171357
27.98701298701299
29.72826086956522
30.242937853107346
30.926553672316384
32.607142857142854
34.23197492163009
35.24503311258278
37.187279151943464
39.47148288973384
40.78151260504202
41.160377358490564
42.1767955801105
40.72832369942196
39.046082949308754
38.885245901639344
37.4089219330855
36.576388888888886
35.359621451104104
33.70238095238095
32.596541786743515
31.025787965616047
30.49438202247191
29.522546419098145
28.802597402597403
28.005115089514067
27.641604010025063
27.309823677581864
27.277227722772277
27.525
27.94300518134715
28.170103092783506
28.38219895287958
29.175824175824175
30.559782608695652
31.062857142857144
31.988505747126435
33.90963855421687
35.36875
36.84385382059801
38.170212765957444
40.093023255813954
40.642276422764226
42.09345794392523
43.08839779005525
41.883116883116884
40.44976076555024
39.57017543859649
38.113207547169814
37.175438596491226
35.90415335463259
34.920245398773005
33.36
32.71847507331378
32.52046783625731
31.689075630252102
30.532967032967033
29.804469273743017
29.23076923076923
28.88235294117647
29.016574585635357
29.336898395721924
29.802739726027397
30.62077922077922
30.394594594594594
31.36
32.03488372093023
32.28267477203647
33.54858934169279
34.73162939297124
35.955128205128204
37.648648648648646
38.74368231046932
40.1843137254902
41.54893617021276
42.54807692307692
44.23170731707317
42.743589743589745
41.41489361702128
39.84331797235023
38.78225806451613
37.226765799256505
36.170731707317074
35.86666666666667
35.63430420711974
34.24074074074074
33.3963963963964
32.49283667621776
32.68731563421829
32.074303405572756
31.196531791907514
31.238095238095237
31.273504273504273
31.297752808988765
31.209302325581394
32.14836795252226
32.06024096385542
32.26426426426426
33.52287581699346
33.51768488745981
34.77333333333333
35.88778877887789
37.089965397923876
38.78947368421053
39.8134328358209
41.29113924050633
42.574660633484164
43.03589743589744
43.51948051948052
42.77922077922078
42.16184971098266
41.62686567164179
40.36283185840708
38.872
37.34586466165413
37.06521739130435
35.92413793103448
35.072131147540986
34.13333333333333
33.797507788161994
33.98136645962733
33.45161290322581
33.23717948717949
32.85139318885449
32.363076923076925
32.425
32.9320987654321
33.2
33.58878504672897
34.51973684210526
35.01315789473684
35.72108843537415
36.62633451957296
37.64768683274021
38.18840579710145
39.9296875
40.51219512195122
41.80733944954128
42.67632850241546
43.03448275862069
43.31468531468531
43.42635658914729
43.3780487804878
41.34736842105263
40.80861244019139
40.0
38.5609756097561
37.65873015873016
37.27306273062731
36.361623616236166
36.22857142857143
35.855172413793106
35.15282392026578
34.78291814946619
34.92307692307692
34.16778523489933
33.42857142857143
33.56410256410256
35.17704918032787
35.19063545150502
34.993288590604024
35.69798657718121
35.96885813148789
36.4812030075188
37.77902621722846
38.48605577689243
39.68376068376068
40.65502183406114
40.926940639269404
43.10204081632653
43.265306122448976
44.01273885350319
44.76744186046512
45.0
43.54744525547445
42.55421686746988
40.64367816091954
40.63350785340314
40.19626168224299
39.18260869565217
38.59322033898305
38.40585774058577
37.884169884169886
36.82641509433962
36.336996336996336
35.934865900383144
35.64705882352941
35.08627450980392
35.696969696969695
35.535714285714285
35.607142857142854
36.2
36.48872180451128
36.16078431372549
36.80155642023346
37.29803921568627
38.42448979591837
39.45454545454545
41.19634703196347
42.06467661691542
42.32835820895522
43.582857142857144
44.40718562874252
45.42962962962963
45.53703703703704
44.57142857142857
44.14529914529915
43.496062992125985
41.492537313432834
42.01242236024845
41.97206703910614
39.97860962566845
40.3502538071066
39.239024390243905
38.822429906542055
39.14666666666667
38.71818181818182
37.66355140186916
37.17857142857143
36.24390243902439
36.256038647343
36.3963133640553
37.827586206896555
37.34199134199134
37.33183856502242
37.568075117370896
38.47417840375587
38.70192307692308
39.18181818181818
40.460732984293195
42.248618784530386
43.12138728323699
43.60606060606061
43.70629370629371
44.55395683453237
46.7787610619469
46.395348837209305
31.832512315270936
31.013513513513512
30.12967032967033
29.23891891891892
28.341963322545848
27.366420274551214
26.55392670157068
25.669156883671292
24.876200640341516
24.114718614718615
23.446560846560846
22.951271186440678
22.429778247096092
22.15711252653928
22.0
21.950749464668093
22.03931987247609
22.197033898305083
22.52492046659597
23.03948772678762
23.533617929562432
24.158898305084747
24.912111468381564
25.778969957081546
26.575757575757574
27.455709711846318
28.359056806002144
29.34833869239014
30.31324004305705
31.266450916936353
32.12
32.93695920889988
31.02708803611738
30.116827438370848
29.1482254697286
28.25077399380805
27.320247933884296
26.346980552712385
25.516957862281604
24.677018633540374
23.868717948717947
23.07061266874351
22.37525773195876
21.818930041152264
21.365503080082135
21.036923076923078
20.839506172839506
20.784615384615385
20.92798353909465
21.0761316872428
21.40909090909091
21.897959183673468
22.41279669762642
23.110316649642492
23.86639260020555
24.77342945417096
25.57040082219938
26.437113402061854
27.409465020576132
28.361483007209063
29.358101135190918
30.30072840790843
31.182108626198083
32.07692307692308
30.161925601750546
29.18918918918919
28.19754350051177
27.25231719876416
26.317718940936864
25.31083844580777
24.41717791411043
23.585641025641024
22.757142857142856
21.902140672782874
21.186858316221766
20.640657084188913
20.175510204081633
19.84297520661157
19.636550308008214
19.565128205128204
19.62845445240532
19.853211009174313
20.230925737538147
20.718106995884774
21.27076923076923
22.00204918032787
22.741803278688526
23.63971340839304
24.520408163265305
25.34218590398366
26.31627430910952
27.383043922369765
28.381294964028775
29.3340206185567
30.27974947807933
31.25243770314193
29.23891891891892
28.263816475495307
27.2827868852459
26.2827868852459
25.26694045174538
24.29243353783231
23.2986748216106
22.481103166496425
21.71252566735113
20.772961816305468
19.97750511247444
19.4519427402863
18.92448979591837
18.58444216990788
18.34862385321101
18.33468972533062
18.430173292558614
18.70468431771894
19.05798575788403
19.501022494887525
20.100204498977504
20.879468845760982
21.697031729785056
22.53956834532374
23.450819672131146
24.36048879837067
25.33197969543147
26.373716632443532
27.42153846153846
28.376410256410256
29.362978283350568
30.388520971302427
28.306209850107066
27.33056994818653
26.328556806550665
25.289795918367346
24.269191402251792
23.286153846153844
22.343527013251784
21.37295081967213
20.4969450101833
19.66395112016293
18.83350462487153
18.240816326530613
17.742857142857144
17.350357507660878
17.050968399592254
17.030800821355236
17.134831460674157
17.333333333333332
17.73305954825462
18.3023493360572
19.018367346938774
19.80061037639878
20.62295081967213
21.477551020408164
22.39630390143737
23.304081632653062
24.25050916496945
25.29124236252546
26.364102564102563
27.39511201629328
28.420349434737926
29.457663451232584
27.36042780748663
26.401234567901234
25.37973387922211
24.311475409836067
23.36131013306039
22.363914373088686
21.359918200409
20.334014300306436
19.357798165137616
18.54158215010142
17.760980592441268
17.016343207354442
16.40812182741117
16.037871033776867
15.759183673469387
15.687819856704197
15.807574206755374
16.083419155509784
16.449691991786448
17.098360655737704
17.87525562372188
18.617107942973522
19.50924024640657
20.435897435897434
21.34218590398366
22.28032619775739
23.306122448979593
24.317718940936864
25.414182939362796
26.453061224489797
27.526046986721145
28.54371002132196
26.509719222462202
25.439175257731957
24.484662576687118
23.401430030643514
22.318367346938775
21.33265513733469
20.331967213114755
19.351738241308794
18.34349593495935
17.472820512820512
16.57245632065776
15.827692307692308
15.272634791454731
14.76734693877551
14.50153217568948
14.37308868501529
14.43003064351379
14.725050916496945
15.221995926680245
15.853211009174313
16.64118246687054
17.568228105906314
18.374233128834355
19.37282941777324
20.359756097560975
21.29255861365953
22.311608961303463
23.46788990825688
24.542857142857144
25.58811475409836
26.62128966223132
27.656283566058
25.624733475479744
24.59301130524152
23.53469387755102
22.462321792260692
21.390593047034766
20.366700715015323
19.335365853658537
18.327902240325866
17.33469387755102
16.303901437371664
15.461065573770492
14.664292980671414
14.014227642276422
13.557948717948719
13.178753830439224
13.045128205128204
13.144602851323828
13.489252814738997
13.99795918367347
14.727087576374746
15.549238578680203
16.38100102145046
17.306122448979593
18.318367346938775
19.34218590398366
20.361139369277723
21.43527013251784
22.513238289205702
23.662231320368473
24.74134419551935
25.794661190965094
26.82832618025751
24.86411889596603
23.837448559670783
22.73265306122449
21.610655737704917
20.55056179775281
19.522540983606557
18.404298874104402
17.385875127942683
16.40650406504065
15.303186022610483
14.38036809815951
13.502558853633571
12.806320081549439
12.229273285568066
11.878447395301327
11.722165474974464
11.803680981595091
12.227459016393443
12.859183673469389
13.484004127966976
14.381485249237029
15.252298263534218
16.257435897435897
17.30470347648262
18.33264887063655
19.41869918699187
20.53001017293998
21.71136131013306
22.836567926455565
23.97952917093142
25.115107913669064
26.12108108108108
24.177350427350426
23.133744855967077
22.04684317718941
20.8705035971223
19.733333333333334
18.606960081883315
17.482088024564995
16.418293936279547
15.369387755102041
14.26530612244898
13.30051282051282
12.376146788990825
11.595092024539877
11.0
10.544524053224155
10.384771573604061
10.517311608961304
10.981632653061224
11.630612244897959
12.425641025641026
13.344933469805527
14.270325203252032
15.302136317395727
16.3894523326572
17.46926229508197
18.59470468431772
19.734964322120284
20.926680244399186
22.04928131416838
23.289500509683997
24.43032786885246
25.45744680851064
23.46153846153846
22.42505133470226
21.307222787385555
20.094358974358975
18.942681678607983
17.820224719101123
16.619144602851325
15.521068859198355
14.396923076923077
13.311408016443988
12.28032619775739
11.286442405708462
10.366053169734151
9.685714285714285
9.254841997961265
9.088504577822992
9.198782961460447
9.741273100616016
10.451942740286299
11.28834355828221
12.25562372188139
13.323108384458077
14.367243133265514
15.479508196721312
16.652351738241308
17.83910386965377
18.98980632008155
20.192229038854805
21.354508196721312
22.572884811416923
23.676288659793816
24.837953091684437
22.94017094017094
21.838643371017472
20.69050051072523
19.452209660842755
18.31967213114754
17.122574055158324
15.806122448979592
14.63265306122449
13.568947906026558
12.439024390243903
11.279187817258883
10.277721261444558
9.284253578732107
8.525076765609008
7.873080859774821
7.706002034587996
7.942857142857143
8.479591836734693
9.217213114754099
10.274770173646578
11.32446264073695
12.405900305188199
13.508163265306122
14.693877551020408
15.987742594484168
17.124236252545824
18.371663244353183
19.577822990844354
20.729508196721312
21.91709314227226
23.10174717368962
24.253164556962027
22.517094017094017
21.336082474226803
20.185336048879837
18.994892747701737
17.775051124744376
16.579591836734693
15.210849539406347
14.00609756097561
12.867482161060142
11.655804480651732
10.470468431771893
9.340793489318413
8.255861365953109
7.380081300813008
6.583673469387755
6.237704918032787
6.560574948665297
7.291113381001021
8.208588957055214
9.301229508196721
10.474111675126904
11.601634320735444
12.77619532044761
14.03688524590164
15.235414534288639
16.494358974358974
17.806153846153848
19.043032786885245
20.25281473899693
21.476923076923075
22.64994882292733
23.788583509513742
22.170212765957448
21.033023735810115
19.82262996941896
18.60935910478128
17.387755102040817
16.08904810644831
14.76639344262295
13.54026503567788
12.296523517382413
10.96102564102564
9.707317073170731
8.529774127310061
7.291836734693877
6.227783452502553
5.2413087934560325
4.768916155419223
5.312244897959184
6.203665987780041
7.299284984678243
8.513789581205312
9.740365111561866
10.983589743589743
12.259713701431492
13.522889114954221
14.833843017329256
16.06002034587996
17.322448979591837
18.62857142857143
19.895384615384614
21.1088295687885
22.34051282051282
23.435155412647376
22.025695931477514
20.85979381443299
19.60816326530612
18.316973415132924
17.10408163265306
15.742594484167517
14.426229508196721
13.131147540983607
11.819203268641472
10.497430626927029
9.183299389002036
7.79837067209776
6.53217568947906
5.209397344228805
3.9508196721311477
3.1133810010214504
4.076297049847406
5.261224489795918
6.507128309572302
7.8669396110542475
9.234215885947046
10.536187563710499
11.876016260162602
13.186094069529652
14.468302658486708
15.794715447154472
17.120654396728018
18.419979612640162
19.739754098360656
20.94297352342159
22.1983556012333
23.282377919320595
21.921858500527982
20.71987641606591
19.476578411405296
18.206153846153846
16.983640081799592
15.633299284984679
14.295918367346939
12.945121951219512
11.666666666666666
10.326551373346897
8.916326530612245
7.60285132382892
6.221084953940634
4.7607361963190185
3.0684371807967312
1.0
3.067073170731707
4.7131230925737535
6.253578732106339
7.719836400817996
9.047812817904374
10.391215526046986
11.747196738022426
12.99588053553038
14.304392236976506
15.72876151484135
17.015290519877677
18.26809378185525
19.589795918367347
20.775510204081634
22.084016393442624
23.251054852320674
21.985138004246284
20.734020618556702
19.564994882292734
18.37782340862423
17.085452695829094
15.706720977596742
14.398157625383828
13.08868501529052
11.873846153846154
10.491335372069317
9.123203285420944
7.861507128309572
6.484662576687117
5.1755102040816325
3.984646878198567
3.1857142857142855
4.064220183486238
5.286585365853658
6.608121827411168
7.924257932446264
9.235173824130879
10.584269662921349
11.880081300813009
13.172625127681307
14.456611570247935
15.796541200406917
17.083673469387755
18.387359836901123
19.58811475409836
20.83844580777096
22.155190133607398
23.370095440084835
22.17853347502657
20.985685071574643
19.725128205128204
18.516393442622952
17.31090723751274
16.005086469989827
14.767820773930753
13.53414882772681
12.285420944558522
11.016376663254862
9.744637385086824
8.474974463738508
7.300613496932515
6.128571428571429
5.285420944558521
4.786885245901639
5.3319630010277494
6.259713701431493
7.346232179226069
8.480492813141684
9.741344195519348
11.061224489795919
12.311156601842375
13.586912065439673
14.793456032719837
16.008179959100204
17.293877551020408
18.524489795918367
19.780962128966223
21.055271238485158
22.300921187308084
23.479495268138802
22.520255863539447
21.41769547325103
20.09146968139774
18.880733944954127
17.706002034587996
16.484102564102564
15.216547497446374
14.042857142857143
12.85025641025641
11.680655066530194
10.484135107471852
9.34826883910387
8.225609756097562
7.407786885245901
6.681307456588356
6.384928716904277
6.727087576374745
7.3795918367346935
8.295315682281059
9.325153374233128
10.513789581205312
11.653333333333334
12.886063072227874
14.16717635066259
15.307849133537207
16.49591836734694
17.700102354145343
18.91539245667686
20.137334689725332
21.412244897959184
22.671794871794873
23.79339723109691
23.024494142705006
21.881390593047033
20.628336755646817
19.481064483111567
18.313524590163933
17.08016443987667
15.928205128205128
14.767820773930753
13.537832310838446
12.435897435897436
11.41188524590164
10.363449691991786
9.380224260958206
8.601634320735444
7.965412004069176
7.781281790437436
8.018386108273749
8.558974358974359
9.44308943089431
10.263589743589744
11.4
12.564681724845997
13.674846625766872
14.857142857142858
15.95482546201232
17.120531154239018
18.332313965341488
19.51329243353783
20.69050051072523
21.915219611848826
23.066803699897225
24.21003134796238
23.52431289640592
22.46138002059732
21.32857142857143
20.1577868852459
19.048979591836734
17.8
16.690742624618515
15.537678207739308
14.438202247191011
13.39877300613497
12.366598778004073
11.397119341563785
10.456410256410257
9.758937691521961
9.24618514750763
9.060388945752303
9.297131147540984
9.831967213114755
10.510245901639344
11.345005149330587
12.380658436213992
13.478974358974359
14.51844262295082
15.576131687242798
16.78115501519757
17.80061037639878
18.920245398773005
20.153688524590162
21.29948717948718
22.459958932238195
23.551583248212463
24.72670157068063
24.147278548559232
23.110769230769233
21.963414634146343
20.87730061349693
19.796923076923076
18.613496932515336
17.506680369989724
16.422177009155646
15.355102040816327
14.410204081632653
13.421267893660533
12.5010183299389
11.648261758691207
10.934627170582226
10.5676500508647
10.411644535240042
10.646216768916155
11.134831460674157
11.720081135902637
12.470888661899897
13.426816786079836
14.399794450154163
15.53626149131767
16.546475995914196
17.59672466734903
18.678607983623337
19.767728674203493
20.93673469387755
22.047131147540984
23.125256673511295
24.257201646090536
25.364021164021164
24.913978494623656
23.845201238390093
22.814285714285713
21.711656441717793
20.59426229508197
19.422131147540984
18.426530612244896
17.353783231083845
16.291709314227226
15.353121801432959
14.42094455852156
13.558282208588958
12.859183673469389
12.234326824254882
11.857731958762887
11.739754098360656
11.949640287769784
12.403669724770642
12.908629441624365
13.589322381930184
14.53388090349076
15.46475995914198
16.440488301119025
17.404298874104402
18.47196738022426
19.526046986721145
20.617195496417605
21.689479060265576
22.87909836065574
23.95718654434251
24.98345398138573
26.0627027027027
25.66702702702703
24.636550308008214
23.537512846865365
22.49281314168378
21.44933469805527
20.416581371545547
19.36178861788618
18.321792260692465
17.280898876404493
16.38821138211382
15.494908350305499
14.702868852459016
14.036734693877552
13.536335721596725
13.204918032786885
13.002059732234809
13.229357798165138
13.637204522096608
14.106014271151885
14.743119266055047
15.581967213114755
16.46734693877551
17.461224489795917
18.43909928352098
19.475609756097562
20.48155737704918
21.514780835881755
22.60122075279756
23.645491803278688
24.773006134969325
25.781668383110194
26.8519313304721
26.60260586319218
25.539406345957012
24.4672131147541
23.425076452599388
22.39568345323741
21.397148676171078
20.34083930399181
19.357142857142858
18.477551020408164
17.57420675537359
16.662231320368473
15.861507128309572
15.281345565749236
14.83811475409836
14.539245667686036
14.33025641025641
14.504081632653062
14.841463414634147
15.274949083503055
15.852459016393443
16.67622950819672
17.502558853633573
18.448205128205128
19.416581371545547
20.41188524590164
21.413441955193484
22.3510747185261
23.45957011258956
24.49591836734694
25.598369011213048
26.63467492260062
27.637513171759746
27.46463547334059
26.436853002070393
25.41948717948718
24.408536585365855
23.315040650406505
22.279022403258654
21.244855967078188
20.34010152284264
19.487755102040815
18.65279187817259
17.81262729124236
17.089795918367347
16.4969450101833
16.013278855975486
15.80428134556575
15.682328907048008
15.772540983606557
16.102459016393443
16.562372188139058
17.118246687054025
17.790123456790123
18.629248197734295
19.55783009211873
20.48723186925434
21.385875127942683
22.420408163265307
23.374872318692542
24.423625254582486
25.49643221202854
26.50256937307297
27.483402489626556
28.54845580404686
28.400862068965516
27.305154639175257
26.26197757390418
25.338085539714868
24.2446264073695
23.3
22.36
21.511698880976603
20.58087487283825
19.778915046059364
18.944841675178754
18.335378323108383
17.752556237218815
17.30824008138352
17.008205128205127
16.939857288481143
17.040774719673802
17.274770173646576
17.752032520325205
18.328907048008173
19.059670781893004
19.810504634397528
20.617677286742033
21.491836734693877
22.47497446373851
23.42974358974359
24.39387755102041
25.372069317023445
26.414285714285715
27.40347293156282
28.44663212435233
29.44871794871795
29.329046087888532
28.230134158926727
27.227600411946447
26.274409044193217
25.291113381001022
24.29735234215886
23.34014300306435
22.468302658486706
21.697154471544714
20.893660531697343
20.08997955010225
19.49745158002039
18.973415132924334
18.51991828396323
18.254841997961265
18.16089613034623
18.306910569105693
18.670419651995907
19.046938775510203
19.520939734422882
20.181818181818183
20.86122448979592
21.70317297850563
22.584521384928717
23.47497446373851
24.387129724208375
25.36196319018405
26.37782340862423
27.377551020408163
28.420349434737926
29.414684591520164
30.384780278670952
30.207343412527
29.193782383419688
28.260103626943007
27.207739307535643
26.256147540983605
25.3510747185261
24.406952965235174
23.574511819116136
22.73061224489796
21.993839835728952
21.279877425944843
20.644171779141104
20.195097037793666
19.82804503582395
19.56646216768916
19.46530612244898
19.64089521871821
19.93223819301848
20.20246659815005
20.783316378433366
21.300306435137895
21.96941896024465
22.73155737704918
23.609805924412665
24.460122699386503
25.44750254841998
26.375381485249235
27.314285714285713
28.29038854805726
29.28073770491803
30.302277432712216
31.307609860664524
31.13478260869565
30.227887617065555
29.23076923076923
28.206967213114755
27.326488706365502
26.41922290388548
25.512396694214875
24.705220061412486
23.846782431052095
23.151950718685832
22.422564102564102
21.865030674846626
21.423274974253346
21.105046343975282
20.81930184804928
20.75967413441955
20.89500509683996
21.21971252566735
21.477551020408164
21.90890481064483
22.463917525773194
23.16869918699187
23.84442169907881
24.720408163265308
25.564598168870802
26.39245667686035
27.38274111675127
28.32446264073695
29.269191402251792
30.24742268041237
31.240374609781476
32.27974276527331
32.07486033519553
31.171398527865406
30.21584984358707
29.2182006204757
28.28852119958635
27.442724458204335
26.589322381930184
25.810309278350516
25.02677651905252
24.325102880658438
23.691914022517913
23.12205128205128
22.651813471502592
22.303534303534303
22.029682702149437
22.034907597535934
22.08904810644831
22.40289256198347
22.707865168539325
23.116374871266736
23.69529652351738
24.308324768756425
25.032854209445585
25.794026776519054
26.59297520661157
27.521649484536084
28.493852459016395
29.402251791197543
30.295687885010267
31.16162669447341
32.1889007470651
33.10738255033557
32.859926918392205
32.046770601336306
31.125
30.2475884244373
29.359743040685224
28.50862068965517
27.67700534759358
26.888412017167383
26.104700854700855
25.454835281615303
24.780911062906725
24.183982683982684
23.810436634717785
23.50214592274678
23.217853347502658
23.190575916230365
23.247608926673752
23.595744680851062
23.8840885142255
24.266949152542374
24.78012684989429
25.42811501597444
26.133900106269927
26.874468085106383
27.694915254237287
28.504255319148935
29.451271186440678
30.391120507399577
31.273311897106108
32.17226435536295
33.043771043771045
33.89646772228989
