0.353
0.279
0.337
0.201
0.367
0.152
0.272
0.128
0.391
0.332
0.384
0.26
0.339
0.286
0.221
0.161
0.335
0.288
0.244
0.272
0.194
0.165
0.19
0.185
0.221
0.195
0.226
0.208
0.155
0.216
0.122
0.151
0.305
0.206
0.21
0.178
0.212
0.147
0.135
0.115
0.181
0.196
0.137
0.147
0.217
0.167
0.125
0.109
0.204
0.198
0.173
0.236
0.164
0.151
0.185
0.113
0.155
0.129
0.187
0.14
0.124
0.135
0.147
0.108
0.168
0.246
0.105
0.179
0.191
0.116
0.101
0.115
0.115
0.213
0.18
0.13
0.122
0.074
0.118
0.118
0.12
0.22
0.105
0.09
0.155
0.139
0.132
0.143
0.077
0.201
0.111
0.087
0.131
0.107
0.135
0.118
0.153
0.167
0.142
0.14
0.091
0.197
0.121
0.07
0.137
0.086
0.155
0.139
0.186
0.099
0.095
0.091
0.175
0.131
0.099
0.119
0.17
0.149
0.168
0.09
0.105
0.137
0.12
0.121
0.14
0.135
0.102
0.128
0.111
0.122
0.113
0.101
0.12
0.095
0.094
0.076
0.124
0.175
0.106
0.148
0.206
0.125
0.103
0.106
0.121
0.083
0.126
0.102
0.107
0.11
0.108
0.109
0.097
0.133
0.084
0.156
0.103
0.104
0.1
0.098
0.15
0.107
0.145
0.096
0.143
0.094
0.108
0.095
0.124
0.073
0.093
0.196
0.1
0.088
0.064
0.079
0.119
0.122
0.126
0.085
0.144
0.067
0.069
0.095
0.131
0.209
0.054
0.063
0.1
0.117
0.121
0.092
0.094
0.216
0.113
0.141
0.101
0.084
0.065
0.09
0.122
0.116
0.096
0.106
0.106
0.098
0.104
0.107
0.1
0.122
0.135
0.2
0.094
0.085
0.076
0.059
0.084
0.094
0.062
0.085
0.101
0.055
0.059
0.105
0.122
0.103
0.114
0.093
0.082
0.123
0.097
0.117
0.107
0.036
0.098
0.073
0.096
0.115
0.102
0.083
0.155
0.09
0.044
0.047
0.136
0.074
0.123
0.107
0.076
0.102
0.076
0.093
0.066
0.066
0.048
0.046
0.061
0.141
0.084
0.076
0.108
0.082
0.103
0.097
0.167
0.097
0.073
0.068
0.074
0.073
0.062
0.082
0.107
0.098
0.096
0.096
0.077
0.092
0.088
0.102
0.09
0.088
0.111
0.1
0.086
0.097
0.104
0.073
0.093
0.051
0.067
0.103
0.096
0.109
0.068
0.092
0.117
0.06
0.1
0.069
0.084
0.113
0.077
0.075
0.128
0.06
0.091
0.075
0.109
0.085
0.049
0.076
0.065
0.108
0.131
0.086
0.074
0.063
0.058
0.068
0.102
0.044
0.119
0.09
0.107
0.067
0.065
0.108
0.076
0.093
0.087
0.104
0.091
0.084
0.063
0.085
0.073
0.076
0.076
0.065
0.115
0.067
0.047
0.086
0.077
0.08
0.066
0.107
0.069
0.069
0.064
0.055
0.069
0.078
0.099
0.058
0.055
0.071
0.04
0.078
0.12
0.067
0.061
0.053
0.076
0.069
0.067
0.022
0.063
0.1
0.091
0.096
0.067
0.094
0.042
0.074
0.063
0.079
0.068
0.052
0.081
0.107
0.046
0.089
0.075
0.113
0.07
0.066
0.083
0.089
0.085
0.075
0.07
0.184
0.062
0.077
0.085
0.074
0.075
0.087
0.079
0.04
0.086
0.128
0.084
0.064
0.073
0.048
0.097
0.055
0.079
0.074
0.036
0.1
0.042
0.141
0.086
0.041
0.093
0.042
0.041
0.05
0.069
0.077
0.084
0.081
0.086
0.086
0.078
0.045
0.043
0.079
0.108
0.056
0.043
0.06
0.055
0.083
0.083
0.076
0.084
0.067
0.05
0.111
0.077
0.054
0.039
0.065
0.081
0.061
0.048
0.088
0.065
0.066
0.09
0.074
0.08
0.073
0.042
0.077
0.073
0.044
0.083
0.05
0.069
0.056
0.086
0.063
0.109
0.055
0.055
0.078
0.042
0.063
0.059
0.113
0.043
0.063
0.065
0.148
0.065
0.082
0.046
0.075
0.054
0.062
0.05
0.065
0.049
0.048
0.066
0.058
0.113
0.102
0.061
0.039
0.09
0.073
0.05
0.085
0.099
0.069
0.06
0.073
0.089
0.091
0.039
0.109
0.079
0.071
0.066
0.067
0.069
0.059
0.039
0.048
0.07
0.047
0.092
0.108
0.05
0.038
0.029
0.077
0.08
0.079
0.074
0.097
0.122
0.072
0.046
0.072
0.064
0.075
0.067
0.068
0.059
0.072
0.086
0.059
0.075
0.05
0.051
0.045
0.05
0.059
0.043
0.062
0.054
0.047
0.066
0.079
0.072
0.044
0.07
0.052
0.068
0.087
0.076
0.053
0.041
0.102
0.067
0.066
0.046
0.06
0.069
0.045
0.054
0.07
0.059
0.046
0.058
0.031
0.035
0.037
0.08
0.068
0.061
0.072
0.063
0.063
0.047
0.034
0.051
0.049
0.076
0.082
0.047
0.097
0.052
0.07
0.052
0.082
0.034
0.086
0.062
0.056
0.047
0.023
0.065
0.092
0.085
0.063
0.095
0.06
0.047
0.041
0.076
0.08
0.06
0.058
0.061
0.075
0.052
0.025
0.042
0.078
0.038
0.037
0.062
0.081
0.05
0.059
0.05
0.067
0.059
0.071
0.064
0.06
0.067
0.06
0.066
0.059
0.033
0.065
0.039
0.076
0.046
0.072
0.062
0.056
0.082
0.082
0.059
0.069
0.074
0.079
0.045
0.075
0.077
0.051
0.058
0.122
0.045
0.054
0.05
0.071
0.061
0.043
0.06
0.082
0.081
0.026
0.041
0.026
0.054
0.053
0.044
0.054
0.08
0.066
0.082
0.029
0.103
0.053
0.04
0.061
0.048
0.056
0.047
0.06
0.034
0.061
0.05
0.042
0.059
0.077
0.054
0.058
0.067
0.039
0.075
0.053
0.061
0.068
0.041
0.075
0.088
0.043
0.068
0.092
0.042
0.033
0.054
0.023
0.068
0.044
0.082
0.082
0.082
0.027
0.047
0.052
0.047
0.038
0.061
0.053
0.066
0.041
0.043
0.024
0.107
0.087
0.055
0.036
0.062
0.043
0.034
0.086
0.081
0.07
0.086
0.054
0.057
0.088
0.072
0.076
0.069
0.052
0.116
0.071
0.052
0.1
0.023
0.046
0.094
0.043
0.054
0.101
0.068
0.058
0.065
0.049
0.065
0.04
0.078
0.039
0.049
0.034
0.065
0.059
0.043
0.088
0.072
0.045
0.028
0.028
0.04
0.042
0.03
0.034
0.134
0.045
0.044
0.067
0.052
0.045
0.048
0.071
0.04
0.042
0.05
0.063
0.061
0.069
0.11
0.051
0.045
0.046
0.046
0.156
0.04
0.06
0.035
0.069
0.042
0.047
0.081
0.061
0.036
0.053
0.057
0.079
0.075
0.056
0.064
0.056
0.05
0.058
0.032
0.045
0.049
0.029
0.023
0.076
0.049
0.056
0.07
0.071
0.077
0.057
0.054
0.048
0.059
0.073
0.02
0.063
0.08
0.081
0.065
0.068
0.037
0.079
0.062
0.038
0.042
0.061
0.039
0.048
0.077
0.056
0.036
0.056
0.062
0.073
0.068
0.067
0.051
0.056
0.08
0.036
0.067
0.072
0.063
0.054
0.079
0.058
0.066
0.038
0.048
0.056
0.069
0.094
0.084
0.065
0.049
0.078
0.038
0.066
0.022
0.043
0.095
0.041
0.033
0.065
0.07
0.059
0.052
0.041
0.038
0.054
0.048
0.059
0.05
0.051
0.051
0.039
0.063
0.075
0.052
0.061
0.029
0.049
0.075
0.032
0.071
0.041
0.073
0.074
0.049
0.055
0.061
0.06
0.072
0.041
0.052
0.067
0.078
0.038
0.018
0.023
0.064
0.032
0.064
0.038
0.047
0.04
0.027
0.087
0.042
0.079
0.059
0.038
0.064
0.08
0.078
0.077
0.043
0.04
0.055
0.061
0.045
0.098
0.037
0.048
0.019
0.056
0.059
0.026
0.038
0.052
0.027
0.031
0.03
0.033
0.028
0.044
0.079
0.043
0.062
0.027
0.052
0.023
0.046
0.076
0.079
0.033
0.071
0.065
0.061
0.047
0.028
0.058
0.052
0.032
0.053
0.045
0.026
0.053
0.056
0.058
0.036
0.062
0.046
0.04
0.059
0.08
0.076
0.029
0.05
0.052
0.069
0.06
0.073
0.033
0.055
0.056
0.093
0.087
0.094
0.047
0.028
0.042
0.054
1.0
1.0
1.0
1.0
0.045
0.992
0.992
0.992
0.99
0.992
0.952
0.992
0.957
0.992
0.992
0.992
0.992
0.992
0.992
0.991
0.955
0.992
0.992
0.992
0.992
0.99
0.983
0.984
0.991
0.992
0.99
0.992
0.992
0.976
0.992
0.925
0.984
0.992
0.991
0.989
0.982
0.992
0.94
0.967
0.866
0.99
0.992
0.921
0.989
0.991
0.975
0.942
0.916
0.99
0.992
0.991
0.992
0.98
0.985
0.988
0.966
0.98
0.987
0.992
0.964
0.887
0.966
0.968
0.939
0.986
0.992
0.866
0.991
0.984
0.92
0.922
0.955
0.933
0.991
0.99
0.941
0.96
0.91
0.961
0.937
0.968
0.992
0.951
0.814
0.991
0.97
0.93
0.952
0.938
0.992
0.958
0.95
0.981
0.804
0.955
0.928
0.988
0.99
0.978
0.985
0.809
0.953
0.972
0.837
0.989
0.903
0.979
0.972
0.992
0.798
0.849
0.864
0.972
0.92
0.918
0.918
0.986
0.979
0.99
0.928
0.954
0.964
0.972
0.942
0.978
0.961
0.878
0.946
0.901
0.984
0.974
0.814
0.942
0.937
0.748
0.826
0.97
0.992
0.954
0.991
0.965
0.946
0.977
0.933
0.98
0.935
0.953
0.888
0.971
0.924
0.885
0.935
0.941
0.973
0.784
0.989
0.96
0.898
0.959
0.919
0.925
0.918
0.932
0.887
0.954
0.89
0.951
0.853
0.968
0.801
0.884
0.951
0.871
0.872
0.81
0.947
0.925
0.945
0.918
0.795
0.94
0.827
0.861
0.856
0.985
0.982
0.817
0.825
0.934
0.832
0.951
0.902
0.894
0.967
0.909
0.97
0.944
0.921
0.847
0.792
0.953
0.985
0.956
0.867
0.931
0.928
0.841
0.957
0.915
0.846
0.927
0.846
0.861
0.835
0.803
0.741
0.908
0.951
0.893
0.823
0.913
0.862
0.787
0.855
0.91
0.894
0.872
0.851
0.821
0.936
0.895
0.756
0.91
0.841
0.968
0.933
0.968
0.949
0.894
0.896
0.952
0.938
0.723
0.828
0.964
0.885
0.978
0.893
0.864
0.943
0.943
0.836
0.878
0.776
0.728
0.837
0.906
0.966
0.901
0.836
0.927
0.946
0.89
0.897
0.973
0.814
0.876
0.787
0.835
0.859
0.794
0.959
0.963
0.891
0.79
0.913
0.81
0.793
0.866
0.836
0.875
0.835
0.874
0.813
0.887
0.857
0.796
0.798
0.918
0.812
0.887
0.836
0.945
0.921
0.909
0.791
0.961
0.808
0.935
0.856
0.836
0.802
0.817
0.797
0.934
0.893
0.934
0.88
0.802
0.921
0.768
0.899
0.883
0.897
0.976
0.945
0.894
0.827
0.722
0.8
0.917
0.764
0.884
0.872
0.977
0.873
0.825
0.905
0.904
0.945
0.903
0.906
0.944
0.879
0.813
0.863
0.827
0.813
0.903
0.877
0.955
0.917
0.746
0.823
0.845
0.902
0.845
0.901
0.798
0.853
0.773
0.809
0.733
0.825
0.853
0.749
0.762
0.851
0.866
0.797
0.898
0.775
0.827
0.713
0.767
0.799
0.789
0.692
0.793
0.902
0.852
0.738
0.722
0.855
0.72
0.828
0.858
0.894
0.872
0.806
0.878
0.842
0.748
0.845
0.876
0.913
0.753
0.764
0.803
0.725
0.881
0.754
0.816
0.902
0.803
0.743
0.797
0.764
0.836
0.749
0.837
0.754
0.823
0.914
0.874
0.874
0.8
0.779
0.891
0.9
0.793
0.778
0.705
0.781
0.713
0.924
0.835
0.765
0.798
0.78
0.818
0.765
0.846
0.874
0.836
0.92
0.881
0.792
0.851
0.798
0.788
0.778
0.794
0.79
0.703
0.752
0.813
0.77
0.845
0.758
0.942
0.891
0.817
0.854
0.745
0.824
0.715
0.729
0.818
0.82
0.77
0.932
0.902
0.749
0.739
0.896
0.788
0.736
0.787
0.721
0.874
0.732
0.916
0.714
0.816
0.767
0.934
0.872
0.88
0.749
0.777
0.745
0.682
0.851
0.697
0.88
0.744
0.818
0.728
0.808
0.831
0.83
0.719
0.887
0.79
0.853
0.776
0.847
0.868
0.766
0.783
0.879
0.826
0.918
0.778
0.707
0.932
0.721
0.791
0.805
0.792
0.819
0.863
0.755
0.826
0.746
0.869
0.833
0.778
0.796
0.778
0.867
0.83
0.682
0.731
0.794
0.799
0.7
0.769
0.795
0.722
0.758
0.775
0.774
0.784
0.724
0.909
0.834
0.837
0.857
0.859
0.853
0.752
0.724
0.823
0.716
0.689
0.854
0.919
0.867
0.789
0.814
0.838
0.723
0.835
0.825
0.682
0.759
0.904
0.823
0.796
0.805
0.754
0.767
0.761
0.816
0.823
0.872
0.733
0.875
0.82
0.82
0.744
0.765
0.768
0.834
0.727
0.751
0.775
0.741
0.75
0.831
0.762
0.715
0.801
0.73
0.872
0.736
0.753
0.799
0.8
0.799
0.799
0.78
0.703
0.716
0.793
0.804
0.859
0.759
0.719
0.728
0.783
0.765
0.715
0.761
0.846
0.747
0.805
0.688
0.87
0.84
0.796
0.788
0.746
0.734
0.774
0.705
0.901
0.76
0.737
0.798
0.7
0.755
0.7
0.779
0.874
0.796
0.718
0.765
0.785
0.792
0.772
0.718
0.771
0.719
0.71
0.778
0.693
0.88
0.869
0.743
0.83
0.832
0.68
0.791
0.661
0.815
0.777
0.792
0.763
0.766
0.779
0.847
0.828
0.781
0.739
0.804
0.789
0.812
0.761
0.743
0.729
0.843
0.694
0.716
0.717
0.807
0.727
0.715
0.781
0.727
0.725
0.715
0.797
0.702
0.707
0.7
0.73
0.7
0.753
0.793
0.724
0.701
0.736
0.814
0.695
0.715
0.739
0.711
0.697
0.858
0.757
0.716
0.845
0.702
0.718
0.723
0.824
0.727
0.758
0.77
0.801
0.772
0.848
0.72
0.802
0.691
0.835
0.806
0.874
0.794
0.705
0.704
0.731
0.759
0.902
0.715
0.777
0.843
0.839
0.682
0.792
0.709
0.822
0.778
0.784
0.782
0.719
0.768
0.769
0.688
0.787
0.751
0.797
0.807
0.766
0.744
0.684
0.77
0.757
0.853
0.912
0.721
0.706
0.746
0.734
0.787
0.724
0.719
0.782
0.682
0.723
0.745
0.666
0.771
0.733
0.751
0.707
0.728
0.804
0.675
0.723
0.698
0.711
0.725
0.818
0.71
0.717
0.716
0.785
0.708
0.823
0.787
0.841
0.708
0.7
0.746
0.743
0.712
0.678
0.741
0.783
0.775
0.777
0.737
0.817
0.731
0.725
0.785
0.782
0.704
0.818
0.709
0.719
0.717
0.735
0.738
0.707
0.755
0.822
0.797
0.767
0.71
0.705
0.805
0.786
0.714
0.719
0.755
0.729
0.763
0.781
0.743
0.746
0.751
0.747
0.721
0.762
0.74
0.701
0.711
0.708
0.673
0.656
0.741
0.792
0.731
0.707
0.761
0.751
0.712
0.835
0.696
0.846
0.749
0.684
0.688
0.777
0.798
0.738
0.746
0.699
0.726
0.733
0.722
0.729
0.71
0.685
0.715
0.713
0.744
0.659
0.799
0.717
0.761
0.675
0.718
0.71
0.683
0.733
0.729
0.76
0.726
0.746
0.715
0.719
0.741
0.74
0.745
0.695
0.712
0.757
0.713
0.714
0.736
0.795
0.791
0.708
0.716
0.676
0.695
0.744
0.722
0.697
0.707
0.721
0.734
0.738
0.778
0.693
0.692
0.747
0.817
0.676
0.742
0.713
0.785
0.771
0.748
0.719
0.727
0.666
0.673
0.731
0.728
0.78
0.721
0.741
0.725
0.714
0.699
0.754
0.697
0.726
0.677
0.692
0.697
0.739
0.651
0.666
0.695
0.744
0.737
0.713
0.694
0.706
0.723
0.706
0.741
0.735
0.721
0.712
0.689
0.725
0.717
0.747
0.703
0.727
0.707
0.694
0.699
0.718
0.752
0.658
0.721
0.67
0.693
0.691
0.692
0.674
0.688
0.655
0.698
0.691
0.723
0.708
0.717
0.706
0.741
0.72
0.665
0.739
0.709
0.68
0.734
0.756
0.7
0.718
0.721
0.768
0.71
0.671
0.672
0.722
0.707
0.681
0.713
0.704
0.69
0.672
0.701
0.694
0.677
0.715
0.716
0.715
0.726
0.75
0.735
0.666
0.699
0.733
0.665
0.702
0.648
0.686
0.742
0.747
0.713
0.718
0.701
0.685
0.702
0.708
1.0
1.0
1.0
1.0
0.739
1.0
1.0
1.0
1.0
1.0
0.997
1.0
0.999
1.0
1.0
1.0
1.0
1.0
1.0
1.0
0.998
1.0
1.0
1.0
1.0
1.0
1.0
1.0
1.0
1.0
1.0
1.0
1.0
1.0
1.0
0.998
1.0
1.0
1.0
1.0
1.0
1.0
1.0
1.0
0.99
1.0
1.0
0.997
1.0
1.0
0.999
0.998
0.994
1.0
1.0
1.0
1.0
1.0
1.0
1.0
1.0
1.0
1.0
1.0
1.0
0.991
1.0
1.0
1.0
1.0
1.0
0.997
1.0
1.0
0.997
0.998
0.998
0.999
1.0
1.0
1.0
1.0
0.996
1.0
0.999
0.999
1.0
0.997
0.971
1.0
1.0
0.998
1.0
0.997
1.0
1.0
1.0
1.0
0.968
0.999
0.997
1.0
1.0
1.0
1.0
0.967
1.0
1.0
0.977
1.0
0.989
1.0
1.0
1.0
0.974
0.982
0.985
1.0
1.0
0.998
0.995
1.0
1.0
1.0
0.997
1.0
1.0
1.0
0.999
1.0
1.0
0.991
0.999
0.991
1.0
1.0
0.961
0.998
0.999
0.944
0.979
0.999
1.0
0.998
1.0
1.0
1.0
1.0
1.0
1.0
0.997
0.999
0.994
1.0
0.998
0.996
0.997
0.999
1.0
0.972
1.0
1.0
0.994
0.999
0.999
0.997
0.998
0.997
0.997
1.0
0.991
0.998
0.981
0.999
0.971
0.986
0.998
0.994
0.993
0.968
0.999
0.998
0.997
0.999
0.957
1.0
0.987
0.991
0.993
1.0
1.0
0.979
0.987
1.0
0.963
0.999
0.991
0.991
1.0
0.998
0.999
1.0
0.997
0.979
0.974
0.998
1.0
1.0
0.996
1.0
0.999
0.99
0.999
0.991
0.987
0.998
0.987
0.99
0.978
0.977
0.938
0.995
1.0
0.991
0.973
0.997
0.984
0.968
0.985
0.996
0.994
0.995
0.986
0.983
0.999
0.987
0.941
0.995
0.981
1.0
1.0
1.0
0.997
0.997
0.992
0.998
1.0
0.935
0.985
0.999
0.999
1.0
0.995
0.994
1.0
0.999
0.991
0.991
0.964
0.945
0.98
0.993
1.0
0.997
0.986
1.0
1.0
0.998
0.998
0.999
0.985
0.989
0.97
0.987
0.991
0.973
0.998
1.0
0.996
0.964
0.997
0.955
0.962
0.986
0.986
0.986
0.984
0.988
0.97
0.994
0.985
0.97
0.958
0.999
0.978
0.991
0.988
0.999
1.0
0.992
0.964
1.0
0.981
0.998
0.986
0.985
0.977
0.963
0.966
0.999
0.996
0.997
0.983
0.967
1.0
0.966
0.998
0.992
0.994
1.0
0.999
0.989
0.984
0.936
0.985
0.997
0.972
0.992
0.993
1.0
0.989
0.981
0.994
0.993
1.0
0.997
0.992
0.999
0.99
0.983
0.991
0.982
0.963
0.997
0.992
1.0
0.996
0.945
0.978
0.986
0.997
0.984
0.995
0.964
0.986
0.96
0.963
0.942
0.978
0.985
0.926
0.932
0.979
0.988
0.968
0.991
0.951
0.98
0.922
0.966
0.962
0.966
0.94
0.959
0.995
0.991
0.936
0.945
0.995
0.935
0.981
0.994
0.995
0.989
0.965
0.996
0.985
0.932
0.988
0.986
0.995
0.961
0.932
0.96
0.933
0.997
0.933
0.978
0.992
0.979
0.932
0.963
0.959
0.978
0.94
0.993
0.964
0.98
0.994
0.984
0.997
0.98
0.956
0.995
0.994
0.967
0.951
0.931
0.96
0.933
0.997
0.989
0.965
0.961
0.957
0.977
0.961
0.979
0.993
0.991
0.998
0.995
0.968
0.988
0.98
0.96
0.956
0.961
0.972
0.933
0.964
0.968
0.969
0.981
0.956
0.999
0.993
0.965
0.978
0.941
0.978
0.937
0.941
0.981
0.981
0.971
0.999
0.999
0.932
0.936
0.996
0.964
0.93
0.985
0.946
0.987
0.94
0.991
0.941
0.968
0.936
1.0
0.996
0.985
0.974
0.965
0.974
0.919
0.988
0.918
0.995
0.935
0.981
0.943
0.969
0.986
0.979
0.952
0.997
0.967
0.99
0.971
0.99
0.996
0.957
0.963
0.992
0.98
0.996
0.969
0.925
1.0
0.943
0.955
0.978
0.962
0.973
0.994
0.953
0.986
0.938
0.993
0.982
0.961
0.967
0.972
0.996
0.975
0.954
0.937
0.999
0.981
0.921
0.938
0.964
0.941
0.97
0.965
0.974
0.963
0.941
0.997
0.975
0.978
0.993
0.985
0.989
0.925
0.929
0.981
0.942
0.933
0.982
0.999
0.99
0.979
0.984
0.99
0.928
0.993
0.979
0.916
0.965
0.997
0.979
0.963
0.969
0.949
0.956
0.96
0.98
0.978
0.992
0.929
0.995
0.957
0.969
0.938
0.96
0.966
0.978
0.938
0.958
0.962
0.938
0.938
0.979
0.938
0.934
0.979
0.961
0.99
0.948
0.938
0.977
0.955
0.963
0.978
0.982
0.935
0.946
0.982
0.973
0.989
0.93
0.927
0.938
0.965
0.974
0.937
0.955
0.989
0.931
0.959
0.926
0.994
0.985
0.968
0.975
0.941
0.947
0.953
0.928
0.997
0.972
0.949
0.964
0.938
0.939
0.92
0.987
0.992
0.965
0.936
0.965
0.956
0.97
0.972
0.937
0.965
0.95
0.938
0.954
0.938
0.989
0.99
0.939
0.981
0.981
0.926
0.969
0.932
0.97
0.956
0.961
0.966
0.979
0.96
0.992
0.979
0.957
0.932
0.981
0.969
0.964
0.933
0.921
0.929
0.989
0.943
0.946
0.94
0.971
0.928
0.931
0.967
0.935
0.934
0.932
0.979
0.931
0.94
0.938
0.919
0.934
0.928
0.966
0.936
0.939
0.947
0.978
0.933
0.919
0.96
0.939
0.935
0.987
0.939
0.929
0.988
0.941
0.929
0.94
0.983
0.948
0.95
0.973
0.958
0.962
0.99
0.94
0.986
0.942
0.992
0.983
0.998
0.974
0.945
0.934
0.929
0.953
0.998
0.934
0.972
0.991
0.986
0.939
0.972
0.944
0.982
0.981
0.968
0.967
0.931
0.951
0.961
0.947
0.966
0.933
0.966
0.971
0.957
0.928
0.922
0.961
0.95
0.991
0.999
0.94
0.943
0.941
0.941
0.972
0.932
0.952
0.963
0.933
0.93
0.96
0.941
0.969
0.935
0.939
0.93
0.936
0.978
0.914
0.931
0.925
0.935
0.932
0.977
0.928
0.931
0.931
0.986
0.932
0.982
0.961
0.987
0.927
0.919
0.96
0.961
0.928
0.933
0.955
0.966
0.967
0.958
0.938
0.989
0.935
0.926
0.97
0.959
0.932
0.979
0.925
0.927
0.944
0.952
0.942
0.946
0.96
0.976
0.962
0.954
0.932
0.938
0.98
0.961
0.924
0.919
0.932
0.921
0.964
0.966
0.93
0.935
0.957
0.94
0.928
0.96
0.931
0.928
0.94
0.928
0.95
0.93
0.937
0.975
0.932
0.936
0.959
0.944
0.92
0.986
0.922
0.978
0.938
0.921
0.927
0.955
0.966
0.944
0.936
0.946
0.933
0.931
0.948
0.932
0.917
0.925
0.931
0.941
0.97
0.926
0.974
0.93
0.967
0.92
0.939
0.918
0.932
0.911
0.933
0.964
0.935
0.927
0.928
0.945
0.942
0.942
0.969
0.927
0.924
0.963
0.929
0.931
0.957
0.976
0.968
0.954
0.934
0.944
0.931
0.948
0.941
0.943
0.927
0.933
0.93
0.96
0.963
0.927
0.932
0.958
0.961
0.951
0.934
0.943
0.978
0.966
0.965
0.939
0.931
0.934
0.923
0.939
0.952
0.957
0.941
0.927
0.946
0.928
0.925
0.957
0.911
0.943
0.933
0.912
0.936
0.934
0.929
0.922
0.945
0.937
0.955
0.938
0.926
0.925
0.931
0.937
0.935
0.93
0.945
0.93
0.933
0.936
0.928
0.939
0.925
0.945
0.931
0.931
0.938
0.938
0.927
0.934
0.923
0.94
0.927
0.932
0.939
0.928
0.92
0.928
0.936
0.929
0.939
0.934
0.935
0.948
0.935
0.938
0.924
0.917
0.937
0.933
0.936
0.942
0.929
0.924
0.928
0.962
0.946
0.929
0.939
0.931
0.941
0.925
0.938
0.918
0.949
0.937
0.933
0.938
0.929
0.935
0.936
0.933
0.942
0.939
0.929
0.922
0.921
0.943
0.943
0.923
0.938
0.943
0.937
0.929
0.94
0.93
0.93
0.933
0.939
0.928
1.0
1.0
1.0
1.0
0.93
1.0
1.0
1.0
1.0
1.0
1.0
1.0
1.0
1.0
1.0
1.0
1.0
1.0
1.0
1.0
1.0
1.0
1.0
1.0
1.0
1.0
1.0
1.0
1.0
1.0
1.0
1.0
1.0
1.0
1.0
1.0
1.0
1.0
1.0
1.0
1.0
1.0
1.0
1.0
1.0
1.0
1.0
1.0
1.0
1.0
1.0
1.0
1.0
1.0
1.0
1.0
1.0
1.0
1.0
1.0
1.0
1.0
1.0
1.0
1.0
1.0
1.0
1.0
1.0
1.0
1.0
1.0
1.0
1.0
1.0
1.0
1.0
1.0
1.0
1.0
1.0
1.0
1.0
1.0
1.0
1.0
1.0
1.0
0.997
1.0
1.0
1.0
1.0
1.0
1.0
1.0
1.0
1.0
0.998
1.0
1.0
1.0
1.0
1.0
1.0
0.999
1.0
1.0
0.998
1.0
1.0
1.0
1.0
1.0
0.997
1.0
1.0
1.0
1.0
1.0
1.0
1.0
1.0
1.0
1.0
1.0
1.0
1.0
1.0
1.0
1.0
1.0
1.0
1.0
1.0
1.0
0.996
1.0
1.0
0.992
1.0
1.0
1.0
1.0
1.0
1.0
1.0
1.0
1.0
1.0
1.0
1.0
1.0
1.0
1.0
1.0
1.0
1.0
1.0
0.995
1.0
1.0
1.0
1.0
1.0
1.0
1.0
1.0
1.0
1.0
1.0
1.0
1.0
1.0
0.996
1.0
1.0
1.0
1.0
0.996
1.0
1.0
1.0
1.0
0.995
1.0
1.0
0.999
0.999
1.0
1.0
0.997
1.0
1.0
0.999
1.0
1.0
1.0
1.0
1.0
1.0
1.0
1.0
1.0
0.999
1.0
1.0
1.0
0.999
1.0
1.0
1.0
1.0
1.0
0.999
1.0
0.999
0.999
0.999
1.0
0.991
1.0
1.0
0.999
0.999
1.0
1.0
0.999
1.0
1.0
1.0
1.0
0.998
0.999
1.0
1.0
0.992
1.0
1.0
1.0
1.0
1.0
1.0
1.0
0.999
1.0
1.0
0.993
0.999
1.0
1.0
1.0
1.0
0.999
1.0
1.0
1.0
1.0
0.997
0.993
0.998
1.0
1.0
1.0
1.0
1.0
1.0
1.0
1.0
1.0
0.999
1.0
0.998
1.0
1.0
0.996
1.0
1.0
1.0
0.996
1.0
0.997
0.999
1.0
0.998
1.0
1.0
0.999
0.997
0.999
0.999
0.995
1.0
1.0
0.999
1.0
0.999
1.0
1.0
1.0
0.993
1.0
0.997
1.0
1.0
0.997
1.0
0.997
0.998
1.0
1.0
1.0
1.0
0.997
1.0
0.995
1.0
1.0
1.0
1.0
1.0
1.0
0.999
0.992
1.0
1.0
0.996
0.999
1.0
1.0
1.0
0.999
1.0
1.0
1.0
1.0
1.0
1.0
1.0
0.999
1.0
0.999
0.998
1.0
0.999
1.0
1.0
0.996
0.999
0.999
1.0
1.0
1.0
0.996
0.998
0.999
0.994
0.993
0.998
1.0
0.988
0.992
1.0
0.999
0.998
1.0
0.999
0.999
0.993
0.998
0.999
0.997
0.996
0.998
1.0
1.0
0.994
0.989
1.0
0.987
0.999
0.999
1.0
1.0
0.998
1.0
1.0
0.989
0.999
1.0
1.0
0.997
0.992
0.999
0.99
1.0
0.988
0.999
0.999
0.999
0.994
0.996
0.997
1.0
0.996
1.0
1.0
1.0
0.999
1.0
1.0
1.0
0.997
1.0
1.0
0.998
0.987
0.993
0.999
0.989
1.0
1.0
0.997
0.996
0.997
0.999
0.996
0.998
1.0
0.999
1.0
1.0
0.997
1.0
1.0
0.996
0.997
0.999
0.997
0.99
0.997
0.998
0.999
1.0
0.994
1.0
1.0
1.0
0.999
0.99
1.0
0.993
0.991
1.0
0.998
0.999
1.0
1.0
0.996
0.993
1.0
0.999
0.993
0.999
0.992
0.999
0.99
1.0
0.991
0.996
0.989
1.0
1.0
1.0
0.996
0.999
0.997
0.993
1.0
0.992
0.999
0.99
0.999
0.983
1.0
1.0
0.997
0.993
1.0
0.998
1.0
0.997
1.0
1.0
0.994
0.999
1.0
1.0
1.0
0.995
0.994
1.0
0.991
0.997
0.998
0.997
0.998
1.0
0.997
0.999
0.99
1.0
1.0
0.998
0.998
1.0
1.0
0.999
0.992
0.99
1.0
0.999
0.992
0.987
0.996
0.993
0.999
0.997
0.997
0.997
0.993
1.0
0.999
0.999
1.0
1.0
1.0
0.986
0.991
0.999
0.989
0.995
0.999
1.0
1.0
0.999
1.0
1.0
0.992
1.0
0.998
0.987
0.998
1.0
1.0
0.999
1.0
0.986
0.998
0.995
0.998
0.998
1.0
0.992
1.0
0.997
0.998
0.99
0.999
0.999
1.0
0.997
0.997
0.999
0.99
0.986
0.998
0.992
0.987
0.999
0.999
1.0
0.993
0.992
0.997
0.997
0.998
1.0
1.0
0.995
0.993
0.998
0.998
1.0
0.995
0.995
0.992
0.997
0.998
0.992
0.999
1.0
0.995
0.998
0.991
1.0
1.0
0.995
1.0
0.991
0.991
0.999
0.997
1.0
1.0
0.997
0.997
0.987
0.991
0.99
0.999
1.0
0.996
0.992
0.995
0.998
1.0
0.997
0.993
0.997
0.992
0.989
0.995
0.995
0.999
1.0
0.996
1.0
1.0
0.988
0.997
0.992
1.0
0.995
0.998
0.998
0.999
0.996
0.999
1.0
0.997
0.988
0.999
0.997
0.998
0.989
0.987
0.996
1.0
0.992
0.992
0.99
1.0
0.989
0.995
0.998
0.984
0.997
0.992
0.999
0.991
0.992
0.989
0.996
0.994
0.985
0.995
0.988
0.992
0.993
0.997
0.99
0.992
0.996
0.994
0.992
1.0
0.991
0.994
1.0
0.989
0.994
0.993
0.997
0.994
0.998
0.998
0.998
1.0
1.0
0.995
0.999
0.994
0.999
0.999
1.0
0.998
0.99
0.991
0.991
0.994
1.0
0.995
0.998
1.0
0.999
0.993
0.997
0.99
1.0
1.0
0.993
0.999
0.993
0.993
0.995
0.989
0.998
0.988
1.0
1.0
0.998
0.993
0.992
0.996
0.995
1.0
1.0
0.997
0.991
0.989
0.992
0.997
0.991
0.989
0.995
0.992
0.995
0.997
0.987
0.998
0.994
0.991
0.99
0.99
1.0
0.988
0.988
0.994
0.988
0.988
0.999
0.996
0.992
0.994
0.997
0.993
1.0
0.999
1.0
0.991
0.991
0.998
0.998
0.986
0.992
0.995
0.995
0.999
0.997
0.989
1.0
0.987
0.993
0.999
0.996
0.993
0.997
0.991
0.993
0.987
0.994
0.996
0.993
0.997
1.0
0.999
0.998
0.99
0.991
0.998
0.996
0.99
0.991
0.987
0.997
0.999
0.999
0.988
0.995
0.998
0.997
0.992
0.998
0.991
0.992
0.988
0.991
0.99
0.996
0.991
0.999
0.993
0.989
0.999
0.988
0.99
1.0
0.988
0.999
0.997
0.989
0.996
0.999
0.999
0.993
0.988
0.989
0.982
0.994
0.994
0.993
0.996
0.992
0.989
0.992
0.999
0.995
0.999
0.993
0.997
0.986
0.989
0.993
0.993
0.992
0.991
0.998
0.989
0.99
0.992
0.992
0.986
0.991
0.999
0.996
0.99
0.997
0.991
0.994
0.997
1.0
0.998
0.992
0.995
0.995
0.99
0.99
0.999
0.988
0.991
0.993
0.993
0.994
0.997
0.989
0.992
0.997
0.996
0.99
0.99
0.991
1.0
0.999
0.998
0.996
0.987
0.988
0.99
0.993
0.999
0.998
0.995
0.992
0.991
0.99
0.994
0.998
0.992
0.995
0.992
0.991
0.991
0.99
0.991
0.993
0.993
0.993
0.998
0.989
0.992
0.995
0.992
0.994
0.987
0.991
0.993
0.991
0.996
0.994
0.994
0.989
0.989
0.991
0.994
0.987
0.992
0.995
0.996
0.994
0.992
0.988
0.988
0.989
0.992
0.992
0.995
0.996
0.992
0.986
0.987
0.994
0.99
0.993
0.991
0.994
0.988
0.991
0.999
0.997
0.994
0.994
0.985
0.993
0.99
0.997
0.991
0.991
0.994
0.989
0.991
0.994
0.993
0.991
0.993
0.993
0.988
0.99
0.996
0.997
0.986
0.99
0.993
0.995
0.99
0.986
0.989
0.995
0.99
0.999
0.993
0.992
0.992
0.995
0.995
0.985
0.989
0.993
0.996
0.994
1.0
1.0
1.0
1.0
0.996

6.804532577903683
8.777777777777779
7.878338278931751
9.248756218905474
7.670299727520436
8.296052631578947
8.033088235294118
8.625
6.345268542199489
8.454819277108435
6.421875
9.076923076923077
7.8613569321533925
8.65034965034965
8.683257918552036
8.919254658385093
7.919402985074627
8.059027777777779
9.163934426229508
8.558823529411764
9.22680412371134
8.44848484848485
8.421052631578947
9.427027027027027
7.932126696832579
8.897435897435898
9.345132743362832
9.8125
8.806451612903226
9.314814814814815
9.721311475409836
9.682119205298013
8.268852459016394
9.009708737864077
8.9
8.769662921348315
9.415094339622641
8.850340136054422
8.8
8.939130434782609
9.469613259668508
8.903061224489797
8.75912408759124
8.993197278911564
8.866359447004609
9.137724550898204
8.784
9.055045871559633
8.897058823529411
9.45959595959596
9.514450867052023
8.864406779661017
8.628048780487806
9.357615894039736
8.913513513513514
8.646017699115044
10.264516129032257
9.953488372093023
10.032085561497325
9.807142857142857
8.911290322580646
9.577777777777778
9.129251700680273
9.99074074074074
8.625
8.955284552845528
8.838095238095239
9.754189944134078
8.167539267015707
10.706896551724139
9.891089108910892
10.226086956521739
8.860869565217392
8.225352112676056
9.15
9.46923076923077
9.901639344262295
9.608108108108109
9.35593220338983
8.110169491525424
9.316666666666666
8.863636363636363
8.514285714285714
8.422222222222222
9.825806451612904
8.467625899280575
9.075757575757576
8.272727272727273
10.896103896103897
8.975124378109452
9.684684684684685
10.310344827586206
7.633587786259542
8.728971962616823
9.02962962962963
9.559322033898304
9.137254901960784
9.395209580838323
9.908450704225352
9.5
10.186813186813186
5.776649746192893
9.983471074380166
11.385714285714286
10.83941605839416
8.569767441860465
9.096774193548388
9.129496402877697
8.940860215053764
7.878787878787879
9.757894736842106
9.824175824175825
8.217142857142857
8.954198473282442
8.393939393939394
8.210084033613445
8.629411764705882
8.93288590604027
8.976190476190476
7.977777777777778
9.028571428571428
8.598540145985401
10.266666666666667
9.12396694214876
9.014285714285714
8.822222222222223
9.784313725490197
9.40625
8.522522522522523
10.0
10.300884955752212
9.089108910891088
8.866666666666667
10.51578947368421
9.936170212765957
9.776315789473685
9.701612903225806
10.274285714285714
9.783018867924529
9.72972972972973
5.349514563106796
8.768
10.407766990291263
8.764150943396226
9.884297520661157
9.734939759036145
8.706349206349206
9.401960784313726
10.299065420560748
8.60909090909091
10.055555555555555
9.577981651376147
9.22680412371134
9.082706766917294
9.857142857142858
9.897435897435898
10.563106796116505
8.009615384615385
9.27
10.244897959183673
5.806666666666667
9.271028037383177
9.186206896551724
9.65625
9.608391608391608
9.085106382978724
7.916666666666667
9.389473684210527
9.951612903225806
9.616438356164384
8.978494623655914
5.01530612244898
9.81
10.545454545454545
10.71875
11.215189873417721
9.142857142857142
9.442622950819672
8.777777777777779
10.24705882352941
8.722222222222221
8.343283582089553
11.18840579710145
10.473684210526315
9.580152671755725
6.172248803827751
9.518518518518519
10.063492063492063
8.92
8.683760683760683
9.694214876033058
9.521739130434783
8.861702127659575
4.9907407407407405
8.601769911504425
9.078014184397164
9.98019801980198
9.5
9.984615384615385
9.411111111111111
9.352459016393443
9.982758620689655
9.739583333333334
9.20754716981132
9.650943396226415
10.03061224489796
9.25
9.925233644859814
8.82
7.934426229508197
8.548148148148147
4.93
9.48936170212766
7.447058823529412
9.157894736842104
8.610169491525424
10.630952380952381
8.851063829787234
9.46774193548387
9.552941176470588
9.910891089108912
10.272727272727273
9.779661016949152
8.914285714285715
9.262295081967213
8.339805825242719
9.473684210526315
8.376344086021506
9.24390243902439
9.284552845528456
9.185567010309278
9.042735042735043
9.074766355140186
10.88888888888889
9.89795918367347
10.58904109589041
10.114583333333334
9.73913043478261
9.137254901960784
10.987951807228916
5.070967741935484
10.233333333333333
10.863636363636363
9.23404255319149
9.095588235294118
9.14864864864865
8.40650406504065
8.813084112149532
10.039473684210526
9.892156862745098
10.881578947368421
8.774193548387096
9.257575757575758
9.090909090909092
9.9375
9.521739130434783
10.032786885245901
8.26950354609929
9.202380952380953
10.131578947368421
9.342592592592593
11.012195121951219
10.048543689320388
9.288659793814434
8.365269461077844
8.31958762886598
10.315068493150685
10.147058823529411
9.364864864864865
10.41095890410959
10.258064516129032
9.390243902439025
9.953271028037383
9.785714285714286
8.364583333333334
9.854166666666666
9.558441558441558
9.119565217391305
7.818181818181818
8.754901960784315
9.944444444444445
9.931818181818182
8.45945945945946
9.75
8.872093023255815
8.835051546391753
9.548076923076923
8.452054794520548
9.172043010752688
10.745098039215685
10.014925373134329
8.601941747572816
9.427083333333334
8.26605504587156
10.867647058823529
8.902173913043478
9.897435897435898
9.766666666666667
9.65
9.681159420289855
8.952380952380953
8.274336283185841
8.818181818181818
9.586666666666666
8.5546875
11.116666666666667
9.362637362637363
8.92
8.045871559633028
9.635294117647058
10.89795918367347
10.144736842105264
10.476923076923077
9.453703703703704
9.083969465648854
11.151162790697674
10.527027027027026
11.396825396825397
10.586206896551724
9.75
8.764705882352942
10.068181818181818
9.546218487394958
8.411111111111111
10.149532710280374
10.492537313432836
10.676923076923076
8.046296296296296
9.25
9.172043010752688
10.310344827586206
7.951923076923077
9.373626373626374
9.44047619047619
9.079365079365079
9.294117647058824
10.602739726027398
9.263157894736842
10.921052631578947
8.507692307692308
8.469565217391304
10.761194029850746
10.72340425531915
8.581395348837209
8.636363636363637
8.825
9.954545454545455
8.25233644859813
9.782608695652174
9.144927536231885
9.6875
9.436363636363636
9.869565217391305
9.307692307692308
9.535353535353535
10.758620689655173
11.272727272727273
9.0
10.75
9.846153846153847
9.091666666666667
10.08955223880597
9.704918032786885
10.245283018867925
10.460526315789474
9.666666666666666
9.343283582089553
11.909090909090908
10.920634920634921
10.4
9.087912087912088
8.90625
10.313432835820896
8.691489361702128
10.119047619047619
8.662162162162161
9.206349206349206
9.113924050632912
8.529411764705882
10.807692307692308
10.296296296296296
9.514018691588785
10.608695652173912
9.629213483146067
8.573333333333334
7.619469026548672
9.2
9.43939393939394
9.819277108433734
9.786516853932584
9.24705882352941
8.68
10.314285714285715
4.369565217391305
9.161290322580646
7.467532467532467
7.647058823529412
9.756756756756756
8.933333333333334
7.413793103448276
9.772151898734178
10.25
8.616279069767442
8.6640625
9.083333333333334
8.765625
9.397260273972602
8.0625
9.34020618556701
9.218181818181819
8.822784810126583
8.283783783783784
10.88888888888889
8.29
10.547619047619047
4.141843971631205
9.581395348837209
10.853658536585366
6.817204301075269
8.880952380952381
9.731707317073171
9.48
10.521739130434783
8.558441558441558
9.511904761904763
9.641975308641975
10.709302325581396
9.395348837209303
9.615384615384615
8.911111111111111
9.767441860465116
8.949367088607595
8.157407407407407
9.071428571428571
10.837209302325581
9.333333333333334
10.563636363636364
9.024096385542169
9.578313253012048
9.31578947368421
9.988095238095237
8.656716417910447
10.12
8.9009009009009
8.597402597402597
10.796296296296296
10.128205128205128
9.923076923076923
9.11111111111111
9.967213114754099
10.1875
9.397727272727273
9.092307692307692
10.651515151515152
9.022222222222222
11.067567567567568
8.6875
8.41095890410959
11.0
8.96103896103896
10.452054794520548
11.25
10.144578313253012
9.98
9.405797101449275
10.785714285714286
9.476744186046512
10.142857142857142
8.81651376146789
10.436363636363636
11.145454545454545
10.26923076923077
10.833333333333334
10.126984126984127
9.23728813559322
9.008849557522124
10.348837209302326
9.873015873015873
9.446153846153846
5.094594594594595
9.4
9.5
9.521739130434783
9.546666666666667
10.462962962962964
9.983870967741936
8.8
10.353846153846154
9.918367346938776
8.9375
10.393939393939394
9.620689655172415
9.097345132743364
8.911764705882353
9.868852459016393
10.717948717948717
9.644444444444444
9.863013698630137
10.78
9.670588235294117
9.070707070707071
9.753623188405797
10.166666666666666
8.383561643835616
9.258426966292134
8.54945054945055
10.615384615384615
8.642201834862385
8.746835443037975
10.647887323943662
9.348484848484848
9.104477611940299
10.869565217391305
10.169491525423728
10.76923076923077
10.458333333333334
8.557142857142857
10.574468085106384
8.804347826086957
8.601851851851851
10.44
9.947368421052632
10.241379310344827
8.558441558441558
9.5375
8.50632911392405
10.364864864864865
8.690721649484535
8.80327868852459
10.222222222222221
11.73913043478261
10.069444444444445
9.78125
9.373333333333333
10.402985074626866
8.367647058823529
10.169491525423728
10.125
10.906976744186046
9.745762711864407
8.506666666666666
11.38
9.843137254901961
9.422222222222222
9.92
10.35593220338983
9.255813953488373
10.629032258064516
10.203703703703704
10.702127659574469
9.166666666666666
8.139240506329115
9.11111111111111
9.818181818181818
9.257142857142858
10.73076923076923
7.823529411764706
9.528735632183908
8.328947368421053
11.037735849056604
9.682926829268293
8.480392156862745
8.432835820895523
9.833333333333334
10.608695652173912
9.95
10.594202898550725
10.644444444444444
9.685185185185185
8.928571428571429
10.389830508474576
9.58695652173913
9.706896551724139
10.32258064516129
11.228571428571428
10.864864864864865
9.4625
9.264705882352942
9.557377049180328
10.166666666666666
9.952380952380953
7.111111111111111
10.702127659574469
10.117647058823529
10.745098039215685
9.551020408163266
8.947368421052632
9.487804878048781
11.595744680851064
9.917525773195877
9.788461538461538
10.042857142857143
9.673076923076923
9.158536585365853
11.617647058823529
8.034883720930232
9.67741935483871
9.178571428571429
9.297872340425531
10.391304347826088
8.846153846153847
9.097826086956522
8.741176470588234
10.65079365079365
8.347368421052632
8.25
8.425531914893616
11.0
9.18421052631579
10.475
10.166666666666666
10.086206896551724
8.934426229508198
9.746666666666666
9.692307692307692
10.4
9.904761904761905
9.14102564102564
10.552631578947368
11.81081081081081
10.241935483870968
7.407407407407407
10.1
9.728813559322035
9.18
10.104477611940299
10.271186440677965
9.253521126760564
9.59375
9.683333333333334
8.746268656716419
9.616666666666667
10.318181818181818
9.847457627118644
10.030303030303031
9.876923076923077
9.58974358974359
10.263157894736842
9.869565217391305
8.416666666666666
9.758064516129032
8.839285714285714
8.792682926829269
9.390243902439025
10.491525423728813
8.217391304347826
8.81081081081081
9.569620253164556
9.377777777777778
8.6
8.805194805194805
10.843137254901961
9.551724137931034
8.139344262295081
8.266666666666667
8.685185185185185
9.9
9.549295774647888
8.967213114754099
9.255813953488373
10.533333333333333
9.170731707317072
8.91358024691358
9.038461538461538
10.634146341463415
10.038461538461538
10.166666666666666
9.09433962264151
9.818181818181818
10.24074074074074
9.25
9.06060606060606
8.597560975609756
9.172413793103448
7.883495145631068
8.867924528301886
11.15
9.540983606557377
10.458333333333334
9.446428571428571
10.46808510638298
10.85
10.088235294117647
10.573770491803279
10.52
11.523809523809524
9.932203389830509
9.181818181818182
9.648148148148149
9.362068965517242
9.223880597014926
10.871794871794872
9.866666666666667
9.90566037735849
10.967213114754099
9.691176470588236
10.024390243902438
7.666666666666667
9.681818181818182
10.604651162790697
10.617647058823529
10.119565217391305
10.380952380952381
9.333333333333334
9.444444444444445
10.391304347826088
9.588235294117647
10.25
9.621951219512194
8.28048780487805
9.585365853658537
12.037037037037036
9.97872340425532
10.384615384615385
10.97872340425532
8.789473684210526
9.327868852459016
8.79245283018868
9.969696969696969
9.536585365853659
11.395348837209303
9.666666666666666
8.63551401869159
8.655172413793103
10.054545454545455
10.61111111111111
8.629032258064516
10.046511627906977
11.617647058823529
8.244186046511627
8.641975308641975
9.557142857142857
9.406976744186046
9.555555555555555
8.24561403508772
8.625
8.791666666666666
9.105263157894736
8.043478260869565
9.173076923076923
8.810344827586206
7.816901408450704
10.807692307692308
8.16
9.652173913043478
10.130434782608695
8.074468085106384
10.69767441860465
9.61111111111111
8.851485148514852
9.720588235294118
9.862068965517242
10.076923076923077
9.16326530612245
9.276923076923078
9.975
8.961538461538462
10.0
8.775510204081632
9.735294117647058
9.492307692307692
8.983050847457626
10.953488372093023
8.852272727272727
9.722222222222221
10.955555555555556
9.678571428571429
10.964285714285714
9.15
10.095238095238095
10.166666666666666
10.558823529411764
3.6791044776119404
10.644444444444444
10.340909090909092
8.686567164179104
10.73076923076923
11.133333333333333
9.729166666666666
9.67605633802817
10.85
9.476190476190476
10.28
8.507936507936508
7.770491803278689
8.942028985507246
8.227272727272727
10.862745098039216
10.866666666666667
9.804347826086957
10.76086956521739
4.852564102564102
9.6
9.933333333333334
12.057142857142857
8.63768115942029
7.023809523809524
10.574468085106384
9.641975308641975
9.360655737704919
9.25
9.415094339622641
8.526315789473685
8.759493670886076
9.253333333333334
10.553571428571429
10.515625
8.107142857142858
9.44
9.913793103448276
12.65625
9.088888888888889
9.0
9.620689655172415
9.652173913043478
9.973684210526315
10.510204081632653
9.964285714285714
8.82857142857143
8.647887323943662
9.35064935064935
10.052631578947368
9.444444444444445
10.3125
9.88135593220339
8.986301369863014
10.3
9.682539682539682
9.4625
9.148148148148149
8.015384615384615
9.25
9.675675675675675
9.0
10.693548387096774
11.473684210526315
10.5
10.278688524590164
11.307692307692308
10.4375
8.792207792207792
9.339285714285714
9.63888888888889
10.660714285714286
6.903225806451613
10.0
10.264705882352942
8.895522388059701
8.098039215686274
9.660714285714286
9.5625
10.333333333333334
9.746268656716419
8.166666666666666
8.857142857142858
9.75925925925926
9.39240506329114
9.431034482758621
9.803030303030303
9.894736842105264
9.395833333333334
8.75
9.840579710144928
8.52127659574468
9.30952380952381
8.523076923076923
9.408163265306122
9.5
11.5
9.757575757575758
9.954545454545455
9.488372093023257
9.715789473684211
8.878048780487806
10.030303030303031
10.261538461538462
9.928571428571429
10.288135593220339
9.115384615384615
10.731707317073171
10.921052631578947
9.555555555555555
9.020833333333334
8.966101694915254
7.82
11.03921568627451
9.705882352941176
11.307692307692308
8.873015873015873
8.28
9.75
8.98360655737705
7.103448275862069
9.816326530612244
7.533333333333333
10.4375
9.23943661971831
10.731707317073171
8.863013698630137
10.905405405405405
8.673469387755102
9.727272727272727
9.147540983606557
8.083333333333334
10.291666666666666
8.658536585365853
10.173076923076923
9.373134328358208
8.923076923076923
10.5
12.277777777777779
9.608695652173912
9.546875
11.46875
9.265625
10.526315789473685
9.382978723404255
9.675
11.333333333333334
9.60919540229885
9.095238095238095
8.240506329113924
9.338983050847459
11.342105263157896
8.46875
8.25
9.73076923076923
8.480519480519481
9.162790697674419
10.125
8.981818181818182
7.016393442622951
8.533333333333333
10.193877551020408
10.945945945945946
9.020833333333334
11.210526315789474
9.571428571428571
8.76271186440678
11.73076923076923
9.868421052631579
9.076923076923077
9.481481481481481
10.774193548387096
12.133333333333333
10.181818181818182
9.785714285714286
11.204545454545455
9.683544303797468
11.069767441860465
10.387096774193548
10.407407407407407
10.173076923076923
11.217391304347826
8.152173913043478
9.157894736842104
9.91139240506329
10.121212121212121
8.56338028169014
9.430769230769231
8.901639344262295
10.425531914893616
11.571428571428571
9.431034482758621
11.057692307692308
10.4375
9.981132075471699
9.777777777777779
10.615384615384615
8.528301886792454
7.839285714285714
9.931034482758621
10.277777777777779
9.451612903225806
8.434782608695652
10.05
9.457627118644067
9.4875
10.06578947368421
11.655172413793103
10.54
10.134615384615385
9.434782608695652
9.7
8.643835616438356
8.363636363636363
7.2
10.375
9.849462365591398
9.068965517241379
8.46808510638298
8.638297872340425
9.75
10.023809523809524
9.777777777777779
1.0
1.0
1.0
1.0
9.666666666666666
3.870967741935484
4.695564516129032
4.286290322580645
5.01010101010101
3.962701612903226
5.015756302521009
4.315524193548387
5.331243469174503
3.4798387096774195
4.303427419354839
3.59375
4.680443548387097
4.125
4.524193548387097
4.782038345105954
5.086910994764398
4.128024193548387
4.511088709677419
4.695564516129032
4.554435483870968
5.1737373737373735
4.867751780264497
5.027439024390244
5.008072653884964
4.535282258064516
4.928282828282828
4.821572580645161
5.053427419354839
4.976434426229508
5.018145161290323
5.324324324324325
5.2266260162601625
4.545362903225806
5.075681130171544
4.968655207280081
4.873727087576375
4.859879032258065
5.132978723404255
5.270941054808687
5.289838337182448
5.218181818181818
5.012096774193548
5.162866449511401
5.231547017189079
4.860746720484359
5.10974358974359
5.398089171974522
5.467248908296943
5.119191919191919
5.236895161290323
5.2351160443995965
4.560483870967742
5.003061224489796
5.213197969543147
4.934210526315789
5.417184265010352
5.3520408163265305
5.484295845997973
5.057459677419355
5.381742738589212
5.267192784667419
5.3271221532091095
5.200413223140496
5.7231096911608095
5.148073022312373
4.611895161290323
5.653579676674365
5.313824419778002
4.847560975609756
5.814130434782609
5.77114967462039
5.71413612565445
5.130760986066452
4.677093844601413
5.024242424242424
5.649309245483528
5.647916666666666
5.956043956043956
5.558792924037461
5.045891141942369
5.659090909090909
4.821572580645161
5.504731861198739
5.315724815724816
5.424823410696266
5.270103092783505
5.358064516129033
5.264705882352941
6.026652452025586
5.027217741935484
5.676409185803758
5.821052631578947
5.141692150866462
4.963930348258707
5.255497382198953
5.2844827586206895
5.339068825910931
5.222222222222222
5.435582822085889
5.269035532994923
5.663782447466008
4.5561385099685205
5.715020576131687
5.937873357228196
5.6976744186046515
5.516057585825028
5.115423901940756
5.252057613168724
4.836693548387097
5.2218045112781954
5.889281507656066
5.822916666666667
5.034979423868313
5.494565217391305
5.606753812636166
5.300653594771242
4.980730223123732
5.246169560776302
5.034343434343435
5.529094827586207
5.509433962264151
5.020746887966805
5.515432098765432
5.36624203821656
5.106339468302658
5.061394380853278
5.585421412300684
5.472515856236787
5.394006659267481
5.595528455284553
5.7412731006160165
5.343980343980344
5.289808917197452
5.965848452508005
5.768716577540107
5.893462469733656
5.624742268041237
5.201612903225806
5.538784067085954
5.367305751765893
4.526424870466321
5.5221987315010574
5.647901740020471
5.397642015005359
5.648979591836735
5.806417112299465
5.271773347324239
5.579954954954955
5.642636457260556
5.475108225108225
5.604519774011299
5.484491978609626
5.529224229543039
5.539568345323741
5.785714285714286
5.493427704752275
5.628125
5.187082405345212
5.477580813347236
5.865070729053318
4.523243243243243
5.505446623093682
5.195278969957082
5.816234498308907
5.681341719077568
5.680898876404495
5.290220820189274
5.7092614302461895
5.476239669421488
5.724094881398252
5.606334841628959
4.197686645636172
5.40068886337543
5.7889908256880735
5.866666666666666
6.022175290390708
5.444324324324325
5.548148148148148
5.434640522875817
5.877987421383648
5.397872340425532
5.862152357920193
6.0476190476190474
5.911214953271028
5.337055837563452
4.345213849287169
6.165238678090575
5.976969696969697
5.557815845824411
5.329326923076923
5.559411146161935
5.800443458980045
5.580536912751678
4.351602895553257
5.466446644664466
5.090721649484536
5.799788135593221
5.807817589576548
6.135773317591499
5.42550505050505
5.610703043022036
5.731979695431472
5.858786610878661
5.56401384083045
5.61546723952739
5.8469827586206895
5.531510107015458
5.774294670846395
5.425136612021858
5.0638297872340425
5.033441208198489
3.9184397163120566
5.490127758420441
5.395209580838324
5.692403486924035
5.932523616734143
5.893171806167401
5.640378548895899
6.241881298992161
5.600243013365735
5.765607886089814
6.279582366589327
5.991105463786531
5.469005847953216
5.395604395604396
5.434004474272931
5.573394495412844
5.394829612220916
5.829476248477467
5.696581196581197
5.31731843575419
4.9523809523809526
5.347252747252747
6.114149821640904
5.975206611570248
5.995712754555198
5.698347107438017
5.46786090621707
5.446308724832215
5.970982142857143
4.4338235294117645
6.009594882729211
6.4163208852005535
6.028985507246377
5.410788381742739
5.9785310734463275
5.296523517382413
5.277715565509518
5.8344907407407405
5.639448568398728
6.167550371155886
5.722488038277512
5.79498861047836
5.543814432989691
6.127747252747253
6.219832735961768
5.973509933774834
5.24120082815735
5.925638179800222
5.636363636363637
5.715210355987055
5.949260042283298
5.7314606741573035
5.704570791527313
4.875642343268242
5.254299754299755
5.884703196347032
5.799237611181702
5.834730538922155
6.082654249126891
6.017632241813602
5.845672575599583
5.749740394600208
5.526374859708193
5.5
5.790799561883899
5.712345679012346
5.351828499369483
5.476905311778291
5.350478468899522
5.997714285714285
5.574850299401198
5.4576659038901605
5.649446494464945
5.496054114994363
5.5087514585764294
5.581658291457287
5.664160401002507
5.526143790849673
6.405172413793103
5.923337091319053
5.088516746411483
5.722751322751323
5.4419109663409335
5.882288228822882
5.579013906447535
5.898022892819979
6.021039603960396
5.856684491978609
5.860981308411215
5.5227272727272725
5.314214463840399
5.529987760097919
5.864491844416562
5.208779443254818
6.151175811870101
5.60813704496788
5.564772727272727
5.086034912718205
5.756786102062975
6.220052083333333
6.042269187986652
6.014722536806342
5.839464882943144
5.292008196721311
5.941798941798941
6.114093959731544
6.453446191051995
6.077562326869806
6.145
5.390403489640131
6.2513089005235605
5.680995475113122
5.48394495412844
5.632548618219038
6.095074455899198
5.842424242424243
5.4453038674033145
5.767699115044247
5.639153439153439
5.832779623477298
5.367549668874172
5.807203389830509
5.989761092150171
5.906519065190652
5.844727694090382
5.909310761789601
5.587945879458794
6.212624584717608
5.681870011402508
5.341361256544503
6.320610687022901
6.107238605898123
5.850546780072904
5.6390532544378695
5.562084257206209
6.088757396449704
5.4639289678135405
6.048872180451128
5.868698710433764
6.041397153945666
6.092707045735476
5.335607094133697
5.846060606060606
5.519343493552169
6.164218958611482
6.111548556430447
5.898942420681551
6.59122401847575
6.012547051442911
5.325167037861916
5.859354838709677
6.2067714631197095
6.064516129032258
6.001303780964798
5.773466833541927
5.863117870722434
6.742774566473988
6.093316519546028
5.951219512195122
5.782863849765258
5.521680216802168
5.894736842105263
5.456140350877193
6.176388888888889
5.46256038647343
6.372960372960373
5.6644295302013425
5.823394495412844
6.10545905707196
5.968109339407745
5.6520190023752965
6.363636363636363
5.671005917159763
5.823059360730594
5.159912376779847
5.775564409030545
5.776178010471204
5.830635118306351
5.775172413793103
5.499432463110102
5.431034482758621
6.158088235294118
4.35809312638581
6.021170610211706
5.351278600269179
5.220828105395232
5.729057591623037
5.5394736842105265
5.024032042723632
5.810035842293907
6.530503978779841
5.710814094775213
5.470459518599562
5.883295194508009
5.65903890160183
5.57375
5.7535301668806165
5.368125701459035
6.257777777777778
5.258511979823456
5.4858611825192805
6.605673758865248
5.367477592829705
6.330995792426368
5.096320346320346
5.658682634730539
6.496732026143791
5.015037593984962
6.061538461538461
6.19559902200489
5.966013071895425
6.160756501182033
5.741418764302059
5.842105263157895
6.107608695652174
6.048808172531214
5.857323232323233
5.889541715628672
6.166666666666667
6.25253807106599
5.659383033419023
5.306045340050378
5.758227848101265
6.411095305832148
6.066489361702128
6.023370233702337
5.872727272727273
5.910059171597633
5.7651715039577835
5.789808917197452
5.588103254769922
6.232558139534884
4.978922716627634
5.640268456375839
6.371359223300971
6.348251748251748
5.986282578875172
5.883863080684597
5.892682926829268
6.135064935064935
5.640557939914163
6.1906873614190685
6.069425901201602
5.568335588633288
6.194196428571429
5.473350253807107
5.448369565217392
6.321473951715375
5.535367545076283
5.827231121281464
6.157103825136612
6.0152838427947595
6.348739495798319
5.946078431372549
6.1251629726206
5.43576017130621
6.121559633027523
5.284090909090909
6.353805073431242
6.274131274131274
5.822818791946308
6.104105571847508
6.074030552291422
5.850789096126255
5.6215909090909095
6.224462365591398
5.986552567237164
5.758241758241758
4.568069306930693
6.101083032490974
5.724096385542168
5.866481223922114
5.813979706877114
6.30126582278481
6.0058616647127785
5.81701030927835
5.97874852420307
6.065668202764977
5.793733681462141
6.021711366538953
5.843003412969283
5.249394673123486
5.613289760348584
5.749357326478149
5.99009900990099
5.804721030042918
5.876560332871012
6.216182048040455
6.132919254658385
5.401515151515151
5.626373626373627
6.232908458864427
5.656953642384106
5.4842615012106535
5.221179624664879
6.265822784810126
5.238895558223289
5.762210796915167
6.094221105527638
5.812339331619537
5.662053056516724
5.925301204819277
5.894428152492669
6.281805745554036
6.44080604534005
6.035043804755945
6.121428571428571
5.360208062418725
5.29937106918239
6.031855955678671
6.33509234828496
6.335483870967742
5.631782945736434
5.595663265306122
5.649171270718232
5.949394939493949
5.683453237410072
5.285543608124254
6.042007001166861
6.511059371362049
5.906213364595545
5.672872340425532
5.732044198895028
5.984204131227218
5.418994413407821
6.034833091436865
6.153395784543325
5.781284004352557
5.799307958477509
5.640050697084917
6.3452088452088455
6.0035799522673035
6.283540802213001
6.217964071856287
6.293333333333333
6.173020527859237
6.206851119894599
6.321902654867257
6.221142162818955
5.993718592964824
5.568944099378882
5.5
6.295958279009127
5.826544021024967
5.922794117647059
5.39854191980559
5.720183486238532
5.654843110504775
6.259428571428572
6.078048780487805
5.424390243902439
5.877688172043011
6.158169934640523
6.389322916666667
5.997601918465228
6.0357634112792296
6.308921438082557
6.16258064516129
5.341430499325236
6.1546666666666665
6.373044524669074
5.934383202099737
6.5636363636363635
6.4232209737827715
6.505479452054795
5.876146788990826
5.559782608695652
5.883134130146082
5.797246558197747
5.975
5.386733416770964
6.289111389236545
6.347435897435897
5.998577524893315
6.057262569832402
5.485498108448928
5.808457711442786
6.386495925494762
5.544137022397892
6.230876216968011
5.770604395604396
6.282247765006385
5.401307189542484
6.742657342657343
5.4415243101182655
6.247044917257683
6.010709504685408
5.95527950310559
6.498546511627907
6.016091954022989
5.805952380952381
5.682160804020101
6.017766497461929
5.076407506702413
5.682561307901907
6.0271317829457365
6.4070921985815605
5.730299667036626
5.731578947368421
6.0827679782903665
6.132832080200501
5.881428571428572
5.809271523178808
5.894285714285714
6.781771501925546
6.7345537757437075
5.678391959798995
6.527855153203342
6.419607843137255
5.899363057324841
5.170454545454546
5.941709844559585
5.905292479108635
5.994811932555123
5.977746870653686
6.267605633802817
5.676092544987147
6.142857142857143
6.193181818181818
6.004602991944764
5.776581426648721
6.056626506024096
6.201923076923077
6.523529411764706
6.039190897597977
6.293494704992436
5.990184049079755
6.5225225225225225
5.662878787878788
5.760157273918741
5.8903394255874675
5.489088575096277
5.676505312868949
6.113526570048309
5.5685019206145965
5.3382949932341
5.891791044776119
6.3510773130545
5.397783251231527
5.344283837056505
5.950201884253028
5.9519890260631
5.272835112692764
5.752161383285302
5.459497206703911
6.154811715481172
6.094175960346964
5.660247592847318
6.176223776223776
5.925736235595391
5.730398899587345
5.426206896551724
6.0993006993006995
6.393977415307403
6.485754985754986
5.973125884016973
6.0042857142857144
6.1726027397260275
6.187142857142857
5.656042496679947
5.569987389659521
5.606353591160221
6.607703281027105
4.836956521739131
6.153562653562654
6.381294964028777
5.91048951048951
6.269282814614344
6.10126582278481
6.33715925394548
6.127039627039627
5.9709379128137385
6.068435754189944
6.269822485207101
6.421652421652421
5.775766016713092
6.006915629322268
5.99878640776699
5.588720770288858
5.853562005277045
6.353246753246753
5.614232209737827
5.8639896373057
6.38561320754717
5.654166666666667
6.048628428927681
5.510853835021708
5.609580838323353
6.194789081885856
6.14187643020595
5.806045340050378
6.350354609929078
6.2883522727272725
6.153214774281806
6.542819499341238
6.144124168514413
6.404195804195804
5.594594594594595
5.771055753262159
5.694874851013111
6.510263929618769
6.0732323232323235
6.112834978843441
6.373479318734793
6.236503856041131
6.23469387755102
6.031969309462916
6.051460361613352
6.256510416666667
6.438231469440832
6.563953488372093
5.44853875476493
5.411451398135819
6.239648682559599
6.473358116480793
5.690600522193211
6.211021505376344
6.511695906432749
5.297402597402598
5.57331571994716
5.882766705744431
6.053728070175438
5.945908460471567
6.0
5.60455764075067
5.587193460490464
5.900889453621347
5.448895027624309
6.008344923504868
5.364450127877238
5.595307917888563
6.396957123098202
5.497986577181208
6.75975975975976
6.271076523994812
5.270122783083219
6.318242343541944
6.042432814710042
5.475274725274725
6.190298507462686
6.075555555555556
5.872752420470262
6.070200573065903
5.855133614627285
6.026206896551724
5.365525672371638
6.3605633802816905
6.142259414225942
6.029329608938547
6.012738853503185
5.8375706214689265
6.434993924665856
5.703939008894536
5.925089179548157
6.27683615819209
6.581428571428572
6.410187667560321
6.117092866756393
6.23876404494382
6.542772861356932
6.529014844804318
4.567049808429119
6.218064516129032
6.647361647361647
5.595658073270013
6.313341493268054
6.188782489740082
6.099310344827586
5.862420382165605
6.290281329923274
6.404829545454546
6.301955990220049
5.5937940761636105
6.01808066759388
5.892608089260809
5.1020408163265305
6.033875338753387
6.169731258840169
6.133774834437086
6.360097323600973
4.55207026348808
6.262059973924381
5.770422535211267
6.361702127659575
5.609937888198758
5.797709923664122
6.1456582633053225
5.634214186369959
5.467549668874172
6.399176954732511
6.187418086500656
5.860435339308578
5.388963660834455
5.7600536193029495
6.3515312916111855
5.676037483266399
5.87378640776699
6.363517060367454
5.698648648648649
6.616262482168331
5.990154711673699
6.049435028248587
6.6656760772659736
6.5685975609756095
5.933873144399461
6.045454545454546
6.051983584131327
5.775106082036775
5.750328515111695
5.7789613848202395
5.932584269662922
6.147305389221557
6.040229885057471
6.0
5.763684913217624
6.808479532163743
6.045058139534884
5.5997425997426
5.984962406015038
5.7168021680216805
5.368632707774799
6.482117310443491
5.858126721763085
6.009549795361528
6.5055401662049865
6.222222222222222
6.0084507042253525
6.2846715328467155
5.99020979020979
5.809256661991585
6.001344086021505
6.814871016691957
6.244055068836045
5.502092050209205
6.019710906701708
5.776296296296296
5.31058495821727
5.98169014084507
6.083455344070278
5.296043656207367
6.640603566529492
5.793421052631579
5.586776859504132
5.498659517426273
6.243356643356643
5.769123783031989
5.66531713900135
5.95945945945946
6.359731543624161
6.1122302158273385
5.759831460674158
5.867899603698811
5.124824684431977
5.526610644257703
5.835597826086956
6.145911949685535
5.867256637168142
6.714689265536723
5.7248603351955305
6.819526627218935
6.238848920863309
5.077956989247312
6.243767313019391
6.740315638450502
5.814710042432814
5.986130374479889
6.077656675749319
6.275067750677507
6.317480719794345
6.412698412698413
6.166184971098266
6.066934404283802
6.0122399020807835
5.67603550295858
6.190026954177897
5.79523141654979
6.547770700636943
5.907911802853437
5.593582887700535
6.244784422809458
5.742778541953233
6.246246246246246
5.600297176820208
5.151846785225718
6.4945054945054945
5.911538461538462
6.244105409153953
5.585695006747638
5.8068965517241375
6.2703081232493
5.9814020028612305
5.9190981432360745
5.479196556671449
5.709366391184573
6.342688330871492
5.9985549132947975
5.622668579626973
5.554803788903924
6.434715821812596
7.016516516516517
6.57410071942446
5.938172043010753
6.41112618724559
5.806451612903226
6.534582132564841
6.290368271954674
6.2337482710926695
6.424929178470255
5.363022941970311
6.326530612244898
5.335644937586685
5.86376404494382
6.34978229317852
5.655172413793103
5.478382147838214
5.598393574297189
5.584637268847795
6.166437414030261
6.42008486562942
5.729106628242075
5.3891273247496425
6.03899721448468
5.413563829787234
6.907294832826747
6.122052704576976
6.8014925373134325
6.126984126984127
5.727930535455861
6.5997109826589595
6.1513353115727005
6.0
6.465648854961832
6.848137535816619
6.662807525325615
6.4163208852005535
6.34180790960452
6.291492329149233
5.7025495750708215
6.279352226720648
5.965277777777778
6.43609022556391
6.056833558863329
6.613540197461213
6.045588235294118
5.701634877384196
5.534391534391534
6.627142857142857
5.337047353760446
6.054091539528433
5.66796875
5.914084507042253
6.5424739195231
5.833333333333333
6.368421052631579
6.292786421499293
6.28928046989721
6.180925666199158
6.5866477272727275
5.8826086956521735
5.748511904761905
5.861626248216833
6.436599423631124
5.867060561299852
6.0755244755244755
6.189944134078212
5.783216783216783
5.581267217630854
6.002666666666666
6.448979591836735
5.978978978978979
6.165951359084406
5.787175989085948
6.09624060150376
5.4586894586894585
6.375
5.365889212827988
6.277628032345014
5.408299866131191
5.3983169705469845
5.210306406685237
6.122681883024251
6.672992700729927
6.082621082621083
5.97316384180791
1.0
1.0
1.0
1.0
6.097428958051421
2.824
4.065
3.557
4.123
3.249
3.9428284854563693
3.454
4.1001001001001
2.685
3.575
2.71
3.816
3.32
3.617
3.85
3.995991983967936
3.415
3.606
3.689
3.648
4.08
3.72
3.913
3.966
3.488
3.908
3.846
4.199
3.888
4.188
4.396793587174349
4.234
3.829
4.0
4.109
3.694
3.886
3.839
4.089
4.112121212121212
4.331
4.146
3.831494483450351
4.056
3.856
3.956956956956957
4.351703406813627
4.194164989939638
3.929
4.33
4.238
3.524
3.897
4.225
3.916
4.185
4.204
4.357
4.174
4.337
4.086781029263371
4.058
4.04
4.54
3.968
3.649
4.533600802407221
4.334
3.653
4.839518555667001
4.6653306613226455
4.571142284569138
3.8528528528528527
3.677
3.772
4.532
4.446
4.746987951807229
4.467
3.7737737737737738
4.514514514514515
3.691
4.129388164493481
4.257466529351184
4.426
4.017
4.090180360721443
4.08
4.756268806419258
3.977
4.57
4.549
3.733
3.7520661157024793
4.173173173173173
4.102306920762286
4.357
4.233
4.368
3.991
4.622543950361944
3.253
4.599
4.809621289662231
4.809
4.245702730030334
3.991
4.052
3.846
4.0718685831622174
4.896130346232179
4.756345177664975
3.967
4.401
4.413827655310621
4.092462311557789
3.763
4.032
3.957
4.10431293881645
4.096
3.735
4.48
4.165165165165165
4.001
3.768
4.480322906155399
4.342342342342342
4.1725529767911205
4.644
4.727
4.263267429760666
4.020040080160321
4.752752752752753
4.764830508474576
4.691521961184883
4.4674674674674675
4.256
4.473947895791583
4.287
3.273
4.121
4.46
4.147
4.528
4.6720160481444335
3.7917917917917916
4.379275653923541
4.507
4.218436873747495
4.433734939759036
4.1715145436308925
4.226226226226226
4.486
4.637860082304527
4.432
4.521
3.885311871227364
4.498498498498498
4.7657657657657655
3.2788365095285856
4.1783567134268536
4.005015045135406
4.610832497492478
4.64
4.4732593340060545
4.020040080160321
4.629969418960244
4.267267267267267
4.550978372811534
4.45841784989858
2.9899799599198396
4.132796780684105
4.7744209466263845
4.691115702479339
4.781781781781782
4.228456913827655
4.513540621865597
4.295295295295295
4.705329153605016
4.318
4.62613981762918
4.8092835519677095
4.743202416918429
4.088
3.1
4.8324821246169565
4.766970618034448
4.155
4.09865005192108
4.5275275275275275
4.5852674066599395
4.506559031281534
3.109
4.157314629258517
3.7777777777777777
4.62
4.550651955867603
4.902962206332993
4.361396303901437
4.445891783567134
4.687
4.6
4.543172690763052
4.434
4.484484484484485
4.490909090909091
4.671671671671672
4.147325933400605
3.811550151975684
3.8286573146292584
2.912867274569402
4.4393939393939394
4.105316973415133
4.480040941658137
4.96908315565032
4.620100502512563
4.241
5.036326942482341
4.32065775950668
4.650952858575727
5.04979674796748
4.816115702479339
4.197969543147208
4.1897590361445785
4.163983903420523
4.594974874371859
4.1115618661257605
4.75381485249237
4.485485485485485
4.15096251266464
4.051009564293305
4.112562814070352
4.845056065239551
4.707
4.871
4.53
4.200601805416249
4.440320962888666
4.754032258064516
3.1142284569138274
4.781
5.3090909090909095
4.662944162436548
4.322322322322322
4.721721721721722
3.916
4.122613065326633
4.738430583501006
4.401
5.035035035035035
4.574167507568113
4.593340060544904
4.278008298755187
4.955555555555556
4.976530612244898
4.717019133937563
4.052
4.748244734202608
4.4452332657200815
4.597
4.774
4.528056112224449
4.6913827655310625
3.5505505505505504
4.19492385786802
4.692618806875632
4.688659793814433
4.723404255319149
4.946518668012109
5.049331963001028
4.534068136272545
4.49
4.444779116465863
4.170124481327801
4.745235707121364
4.668062827225131
4.12993762993763
4.165314401622718
4.329614604462475
4.73630831643002
4.465447154471545
4.256072874493927
4.639175257731959
4.372233400402415
4.4213197969543145
4.524742268041237
4.395615866388309
4.231231231231231
5.192229038854806
4.642785065590313
3.8643724696356276
4.573573573573573
4.08
4.671370967741935
4.464730290456432
4.723
4.811416921508664
4.843687374749499
4.856997971602434
4.305583756345178
4.158648925281474
4.2398753894081
4.649068322981367
3.8728728728728727
5.018072289156627
4.206619859578736
4.236012207527976
3.8655635987590484
4.423
4.929606625258799
4.856713426853707
4.622983870967742
4.612676056338028
3.96
4.58958958958959
4.796764408493428
5.257113821138211
4.909188034188034
4.894416243654822
3.995987963891675
4.978395061728395
4.408266129032258
4.219536757301108
4.391
4.9464105156723965
4.599388379204893
4.401408450704225
4.303121852970795
4.19
4.626880641925777
4.07258064516129
4.50950950950951
4.698989898989899
4.763987792472024
4.726538849646821
4.6578411405295315
4.6220145379023885
4.978936810431294
4.379032258064516
3.898
5.211847389558233
5.02010582010582
4.66359918200409
4.532454361054767
4.310932798395186
4.826219512195122
4.160804020100502
4.901452282157677
4.761663286004056
4.730208333333334
4.906542056074766
4.185774946921444
4.708588957055214
4.1634517766497465
5.222462203023758
4.900214592274678
4.5331971399387125
5.407894736842105
4.875
4.137235116044399
4.719242902208202
4.931632653061224
4.814533622559653
4.917184265010352
4.673596673596673
4.785714285714286
5.492553191489361
4.94577685088634
4.81105527638191
4.433905146316851
4.645299145299146
4.733333333333333
4.1849246231155774
5.020320855614973
4.102956167176351
4.980885311871227
4.320603015075377
4.409504550050556
5.092227979274611
4.7269076305220885
4.515736040609137
5.227467811158799
4.537449392712551
4.76369168356998
3.8231155778894474
4.432882414151925
4.634120171673819
4.788541666666666
4.817792068595927
4.1344032096288865
4.27545551982851
4.925357873210634
3.0141129032258065
4.817160367722165
4.206008583690987
3.94392523364486
4.684045881126173
4.232106339468302
3.898936170212766
4.56294058408862
5.213692946058091
4.442857142857143
4.197183098591549
4.670731707317073
4.186559679037111
4.283673469387755
4.21234309623431
4.092462311557789
4.974849094567404
3.9317476732161323
4.2828601472134595
5.383458646616542
4.260416666666667
5.103965702036442
3.5155466399197595
4.660262891809909
5.203108808290155
3.8855359001040584
4.688610240334378
4.794268167860799
4.45993756503642
5.039836567926455
4.478348439073515
4.668012108980827
4.8146292585170345
4.893467336683417
4.825413223140496
4.683198380566802
4.997959183673469
5.05
4.376569037656904
4.170655567117586
4.530864197530864
5.210075026795284
4.775933609958506
4.9958677685950414
4.790505675954592
4.767584097859327
4.680962343096234
4.626626626626627
4.162134944612286
4.962694300518135
3.814928425357873
4.314558979808714
5.066462167689162
4.944503735325507
4.742826780021254
4.665647298674822
4.795107033639144
4.873326467559218
4.46046046046046
4.927927927927928
4.959227467811159
4.211538461538462
5.026104417670683
4.245850622406639
4.2709677419354835
5.175634517766498
4.412262156448203
4.536980749746707
4.839361702127659
4.904137235116044
5.1997874601487775
4.651859504132231
5.056623931623932
3.836
4.928714859437751
4.084263959390863
5.003080082135524
5.090155440414508
4.611909650924025
4.769314472252448
4.848178137651822
4.700435729847494
4.245226130653267
4.893048128342246
4.63710499490316
4.6277836691410394
3.374613003095975
4.897565922920893
4.628192032686415
4.598739495798319
4.617853560682046
5.2626680455015515
4.757575757575758
4.306900102986612
4.832323232323232
4.842369477911647
4.391849529780564
4.803738317757009
4.720766129032258
4.156122448979592
4.4397590361445785
4.585139318885449
4.821621621621621
4.466
4.804878048780488
4.906806282722513
5.079754601226994
4.1798336798336795
4.420349434737924
5.006036217303823
4.373557187827912
4.258620689655173
4.165245202558635
4.943605236656596
3.8676171079429733
4.726326742976067
4.8159255429162355
4.497942386831276
4.227911646586345
4.699487179487179
4.868972746331237
5.1430096051227325
5.049049049049049
4.682976554536188
4.819761129207383
4.383795309168444
4.092323651452282
4.894792773645058
5.003092783505155
5.025906735751295
4.518480492813142
4.411214953271028
4.3007438894792775
4.833500501504513
4.387692307692308
4.1482617586912065
4.897280966767371
5.298477157360406
4.793731041456017
4.398918918918919
4.693218514531755
4.8318042813455655
4.280254777070064
4.832797427652733
5.066191446028514
4.513513513513513
4.488888888888889
4.276813074565884
5.164634146341464
4.7555555555555555
4.9030172413793105
4.667673716012085
5.1205311542390195
5.120087336244541
5.005181347150259
5.064192577733199
4.998978549540348
4.769470404984424
4.231166150670795
4.334035827186512
4.885983263598327
4.7
4.66530612244898
3.8997955010224947
4.538306451612903
4.664155005382131
4.884422110552764
4.7857889237199585
4.296181630546956
4.412579957356077
4.979166666666667
5.3105590062111805
4.58997955010225
4.946695095948828
5.244258872651357
5.016632016632016
4.155650319829424
4.988272921108742
5.030643513789581
4.686567164179104
5.264453961456103
4.827374872318693
5.161290322580645
4.683838383838384
4.229957805907173
4.812366737739872
4.56806550665302
4.568586387434555
4.116303219106958
4.935582822085889
4.982688391038696
4.760427807486631
5.028541226215645
4.256619144602851
4.677286742034943
5.241658240647118
4.519354838709678
5.13915857605178
4.731343283582089
5.026943005181347
4.292607802874743
5.588046958377801
4.081675392670157
4.976744186046512
4.852846401718582
4.67570385818561
5.214902807775378
4.746478873239437
4.647715736040609
4.463842975206612
4.761025641025641
4.083953241232731
4.1805702217529035
4.436516264428121
4.956896551724138
4.405215646940823
4.672839506172839
4.916754478398314
4.9553941908713695
4.479744136460554
4.662406815761448
4.567391304347826
5.501519756838905
5.368951612903226
4.5813471502590675
5.342948717948718
5.237305699481865
4.823221757322176
3.8969072164948453
4.6687242798353905
4.821771611526147
4.866321243523316
4.9115789473684215
5.23773987206823
4.346960167714885
4.945628997867804
4.726996966632963
4.761616161616161
4.743343982960597
4.770642201834862
4.9072375127421
5.222462203023758
4.998968008255934
4.986051502145923
4.784536082474227
5.192468619246862
4.388137356919875
4.622153209109731
4.5250255362614915
4.271875
4.592741935483871
4.943820224719101
4.213166144200627
4.207081545064377
4.730886850152905
5.080495356037152
4.274896265560166
4.172561629153269
4.869706840390879
4.796555435952637
4.082912032355915
4.6203605514316015
4.26215644820296
4.904255319148936
4.959835221421216
4.232758620689655
4.852846401718582
4.838676318510858
4.66524064171123
4.289079229122056
4.948497854077253
4.98876404494382
5.069817400644468
4.901063829787234
4.683368869936034
5.007616974972796
5.113490364025696
4.606681034482759
4.255693581780538
4.583333333333333
5.161874334398296
3.840549102428722
4.83640081799591
5.210075026795284
4.806311207834603
4.998958333333333
4.9904153354632586
5.310160427807487
4.771023302938197
4.8370607028754
4.810548977395048
4.894736842105263
5.3294367693942615
4.7621097954790095
4.8691489361702125
4.75381485249237
4.565400843881856
4.7642105263157895
5.110996916752312
4.754697286012526
4.586278586278587
5.164646464646465
4.359574468085106
4.707910750507099
4.368365180467091
4.317540322580645
4.779247202441506
4.909819639278557
4.809034907597536
5.143915343915344
4.875802997858672
4.919268030139936
5.218258132214061
4.7114228456913825
5.059957173447537
4.4907407407407405
4.341069626639758
4.513184584178499
5.336528221512247
4.935185185185185
5.083686440677966
5.0285132382892055
4.72375127420999
5.141528925619835
4.741468459152016
4.922663802363051
4.928496319663512
5.011446409989595
5.273495248152059
4.2184265010351965
4.523043944265809
4.947204968944099
5.164778578784758
4.351097178683386
5.117456896551724
5.20824295010846
4.189386056191467
4.338947368421053
4.409687184661958
4.842842842842843
4.75531914893617
4.550371155885472
4.594048884165781
4.511158342189161
4.7139917695473255
4.241416309012876
4.860294117647059
4.447559709241952
4.372990353697749
5.013978494623656
4.205208333333333
5.511158342189161
5.052631578947368
4.106951871657754
5.112886048988285
4.888172043010752
4.478632478632479
5.010224948875256
4.947483588621444
4.7368421052631575
4.776216216216216
4.664171122994652
4.547210300429184
4.18014329580348
5.196120689655173
4.8324382384532765
4.863587540279269
4.893509127789047
4.704935622317596
5.1507128309572305
4.576482830385015
4.621073961499493
5.117583603020496
5.229597388465724
5.220833333333333
4.667013527575442
5.176724137931035
5.323687031082529
5.289005235602095
3.369565217391304
5.106514994829369
5.424843423799582
4.418976545842217
4.984833164812942
4.967914438502674
4.984881209503239
4.735051546391753
4.9478623566214806
4.988197424892704
5.029622063329929
4.334054054054054
4.552319309600863
4.826271186440678
4.19327731092437
4.967091295116773
4.940803382663848
4.957291666666666
5.128073770491803
3.602910602910603
4.979035639412998
4.450643776824034
5.275053304904051
4.307142857142857
4.424557752341311
4.976190476190476
4.645266594124048
4.195278969957082
5.206297502714441
4.964730290456432
4.579710144927536
4.2290322580645165
4.7775401069518715
5.070010449320794
4.513829787234043
4.398706896551724
4.81875
4.514500537056928
5.451508620689655
4.678723404255319
4.644396551724138
5.333684210526315
5.178494623655914
4.850586979722519
4.667692307692308
4.916309012875536
4.59508547008547
4.590198123044838
4.759533898305085
4.802173913043478
4.781947261663286
4.8470715835141
4.9079754601226995
4.590618336886994
5.402823018458197
4.905070118662351
4.616753926701571
4.7815734989648035
4.744703389830509
4.1335470085470085
5.252642706131078
4.777063236870311
4.980665950590763
5.1455696202531644
4.988197424892704
4.925845147219193
4.92
4.852846401718582
4.6705632306057385
4.846391752577319
5.49244060475162
5.091375770020534
4.2924731182795695
4.789038262668045
4.6521739130434785
4.128860489882854
4.498910675381263
5.005364806866953
4.256860592755214
5.17577706323687
4.590248962655601
4.3090909090909095
4.268608414239482
5.010775862068965
4.677248677248677
4.371549893842888
4.829087048832272
4.994840041279669
4.7842502696871625
4.532467532467533
4.63343717549325
4.078579117330463
4.549946294307197
4.466039707419018
4.801229508196721
4.87293388429752
5.452830188679245
4.623126338329764
5.566737288135593
4.966702470461869
4.147679324894515
4.972369819341126
5.59066808059385
4.889967637540453
4.996784565916399
4.93010752688172
5.05
5.003115264797508
5.156418554476807
4.954935622317596
4.7306889352818375
4.851196670135276
4.431125131440589
5.071734475374733
4.582184517497349
5.382413087934561
4.659420289855072
4.351295336787564
4.9765708200212995
4.38453276047261
4.756959314775161
4.440953412784399
4.040468583599574
5.130252100840337
4.83594566353187
4.967056323060574
4.368932038834951
4.7875264270613105
4.938577586206897
4.868108108108108
4.810867293625915
4.2184412733260155
4.622481442205727
4.967845659163987
4.5964912280701755
4.5010683760683765
4.32441113490364
5.015069967707212
5.535791757049892
5.344973544973545
4.721451440768409
5.322513089005236
4.735607675906183
5.132829373650108
4.9989189189189185
5.134264232008593
5.084311632870865
4.489839572192514
4.987096774193549
4.239153439153439
4.709677419354839
5.006430868167203
4.486111111111111
4.304956896551724
4.510117145899893
4.383783783783784
4.694179894179894
5.092373791621912
4.7368421052631575
4.2366737739872065
4.855010660980811
4.568500539374326
5.684154175588865
4.95124593716143
5.267021276595744
4.988133764832794
4.51931330472103
5.4366347177848775
4.984913793103448
4.930434782608696
5.203663793103448
5.5331196581196584
5.279870828848224
5.208732694355698
5.2162740899357605
5.310160427807487
4.732067510548523
5.062032085561498
4.954157782515991
5.246753246753247
4.871319520174482
5.360725720384205
4.828510182207931
4.482905982905983
4.423566878980892
5.454251883745964
4.159090909090909
4.948275862068965
4.535343035343035
4.724101479915434
5.2411194833153925
4.663471778487753
5.267454350161117
4.89691817215728
5.0237837837837835
5.043710021321962
5.209150326797386
4.458377239199157
4.314834578441836
4.857449088960343
5.23773987206823
4.645855758880517
4.574331550802139
4.8344017094017095
4.719185423365488
4.489384288747346
4.8029818956336525
5.26264800861141
4.828633405639914
5.15743756786102
4.568398727465535
5.0275715800636265
4.189599133261105
4.869936034115138
4.063626723223754
5.212379935965848
4.5252960172228205
4.252127659574468
4.125806451612903
4.86989247311828
5.32475884244373
4.866879659211928
4.859913793103448
1.0
1.0
1.0
1.0
4.693548387096774
2.444
4.002
3.272
4.001
3.032
3.553
3.111
3.567
2.335
3.267
2.31
3.508
3.061
3.255
3.499
3.52
3.126
3.273
3.262
3.258
3.554
3.26
3.531
3.506
3.112
3.506
3.515
4.014
3.488
4.018
4.075
4.01
3.508
3.537
4.003
3.275
3.532
3.318
3.546
3.548
4.047
4.008
3.278
3.544
3.527
3.525
4.043
3.553
3.504
4.049
4.021
3.145
3.538
4.013
3.499
3.59
3.638
4.053
4.004
4.068
3.559
3.604
3.547
4.16
3.525
3.266
4.129
4.042
3.258
4.477
4.226
4.184
3.292
3.277
3.297
4.155
4.079
4.327
4.103
3.285
4.107
3.248
3.587
3.649949849548646
4.049
3.528
3.585
3.546
4.266
3.523
4.161
4.107
3.272
3.2665330661322645
3.573
3.551
4.04
4.013
4.051
3.54
4.176176176176176
2.58
4.224
4.3216432865731464
4.429
3.618
3.515
3.543
3.513
3.547642928786359
4.397
4.309
3.506
4.051
3.828
3.555
3.263
3.534
3.507
3.571
3.562
3.299
4.102
3.616
3.54
3.257
4.076
4.032
3.621
4.23
4.283
3.6847389558232932
3.542
4.273
4.342741935483871
4.187
4.091
4.031
4.078
4.026
2.656
3.542
4.074
3.564
4.128
4.282
3.28
4.054
4.106
3.61
4.083
3.562
3.604
4.118
4.15678391959799
4.067
4.124
3.262
4.148
4.312
2.639
3.6
3.542
4.211
4.271
4.077
3.515
4.19
3.689
4.136546184738956
4.068
2.414
3.578
4.324
4.2269076305220885
4.321
3.643
4.124
4.035
4.240201005025126
4.043
4.18
4.2442442442442445
4.2742742742742745
3.552
2.494
4.308926780341023
4.327
3.619
3.5635635635635636
4.109
4.129
4.101
2.451
3.575
3.276
4.205
4.122
4.438
4.063063063063063
4.067
4.301
4.176
4.127127127127127
3.808
4.092
4.065
4.277
3.588
3.2772772772772774
3.281
2.3843843843843846
4.062062062062062
3.5505505505505504
3.721
4.647830474268416
4.131
3.576
4.675675675675675
3.6336336336336337
4.234
4.661
4.323323323323323
3.609
3.627
3.571
4.156
3.5691382765531063
4.292292292292292
4.112
3.539
3.565524193548387
3.555
4.334
4.214
4.445
4.134
3.619
4.064
4.26026026026026
2.497
4.336
4.690835850956697
4.182182182182182
4.034
4.201
3.274
3.574
4.262262262262262
3.717
4.672
4.135
4.135
3.6268806419257773
4.480362537764351
4.445891783567134
4.205
3.557
4.322
4.055
4.128
4.343
4.101
4.272
3.148
3.6566566566566565
4.211
4.225450901803607
4.233
4.436
4.669678714859438
4.113
4.094
4.059
3.571285140562249
4.307
4.200601805416249
3.5515515515515514
3.596
4.032064128256513
4.246
4.081
3.6266266266266265
4.180541624874624
4.042042042042042
4.081081081081081
4.096482412060301
3.704
3.622
4.686686686686687
4.16
3.305305305305305
4.217
3.581
4.193
4.080563947633434
4.344
4.2407221664994985
4.401
4.436
3.667001003009027
3.566
3.5867602808425274
4.174348697394789
3.323
4.669
3.599
3.571
3.3049147442326983
4.068
4.438190954773869
4.405
4.12
4.128
3.524
4.132
4.279
5.025025025025025
4.434475806451613
4.373
3.328
4.448795180722891
3.7317317317317316
3.621
4.056
4.491
4.125125125125125
4.055
3.653
3.562
4.178
3.555
4.105
4.249
4.226226226226226
4.25
4.197197197197197
4.158316633266533
4.493
3.685685685685686
3.307
5.009
4.682730923694779
4.2592592592592595
4.119119119119119
3.689
4.369
3.604
4.507028112449799
4.2434869739478955
4.217217217217217
4.506036217303823
3.583081570996979
4.2234468937875755
3.628
5.02327935222672
4.394153225806452
4.088
5.022022022022022
4.423847695390782
3.57
4.231231231231231
4.347347347347347
4.278952668680765
4.475951903807616
4.211211211211211
4.349047141424273
5.065261044176707
4.440881763527054
4.318
3.934
4.202213279678069
4.3377148634984835
3.572
4.6626139817629175
3.5635635635635636
4.44044044044044
3.669
3.692
4.68937875751503
4.226
4.107
5.019211324570273
4.1491491491491495
4.284
3.282
3.7342026078234705
4.199596774193548
4.326326326326327
4.46969696969697
3.56
3.6609311740890687
4.4174174174174174
2.4204204204204203
4.2642642642642645
3.6227364185110664
3.3323293172690764
4.248746238716149
3.627
3.2801204819277108
4.102
4.69
3.72
3.6106106106106104
4.204
3.573
3.64
3.5817452357071216
3.556
4.415
3.37875751503006
3.5775075987841944
5.039274924471299
3.6276276276276276
4.529828109201214
2.83
4.238
4.688064192577733
3.2771084337349397
4.1464393179538614
4.23023023023023
3.7038152610441766
4.669338677354709
4.066
4.183183183183183
4.359
4.43
4.287863590772317
4.227
4.351
4.482931726907631
3.756268806419258
3.6016016016016015
3.929789368104313
4.704040404040404
4.244734202607823
4.640280561122244
4.2342342342342345
4.27
4.2434607645875255
4.171
3.564
4.48
3.2822822822822824
3.687878787878788
4.509
4.372608257804632
4.24117053481332
4.219
4.232464929859719
4.316316316316317
4.061
4.486
4.494979919678715
3.599194360523666
4.444
3.5905905905905904
3.6807653575025174
4.641641641641642
3.900201612903226
4.127127127127127
4.3232323232323235
4.499
4.689202825428859
4.173694779116466
4.498483316481294
3.287
4.438
3.562
4.444779116465863
4.648648648648648
4.16148445336008
4.27190332326284
4.282
4.253024193548387
3.5995995995995997
4.335353535353535
4.121121121121121
4.209562563580874
2.723
4.507
4.162487462387161
3.7774420946626384
4.127
5.021042084168337
4.242
3.5817452357071216
4.313
4.35
3.683098591549296
4.277277277277277
4.288
3.59
4.11
4.103517587939699
4.26056338028169
4.062
4.335015136226034
4.3530591775325975
4.667334669338677
3.563691073219659
3.7725450901803605
4.431
3.6168505516549647
3.6336336336336337
3.607070707070707
4.441
3.318
4.266533066132265
4.326653306613227
3.802
3.595
4.2192192192192195
4.441532258064516
4.675757575757576
4.453
3.900900900900901
4.282258064516129
4.058763931104357
3.5532128514056227
4.359516616314199
4.44944944944945
4.488465396188566
4.116349047141425
3.7191574724172516
3.633434038267875
4.418
3.6866866866866865
3.5815815815815815
4.413
5.025
4.32
3.8042596348884383
4.234106962663976
4.34934934934935
3.6107178968655207
4.323618090452261
4.678678678678678
4.09
4.087
3.6246246246246248
4.669
4.268
4.431451612903226
4.153
4.670340681362726
4.663627152988855
4.529058116232465
4.668
4.491
4.256256256256257
3.637
3.709939148073022
4.33567134268537
4.218090452261307
4.160320641282565
3.3216432865731464
4.119
4.192540322580645
4.309
4.260782347041124
3.6633266533066133
3.7191919191919194
4.433433433433433
5.024024024024024
3.81
4.413239719157472
5.015045135406218
4.647647647647648
3.590909090909091
4.435091277890466
4.350701402805611
4.23991935483871
4.7051671732522795
4.178178178178178
4.687687687687688
4.245
3.591137965760322
4.373991935483871
4.116349047141425
4.114343029087261
3.5440881763527052
4.371
4.446
4.255276381909548
4.670694864048339
3.625250501002004
4.193386773547094
5.013
4.12964824120603
4.678391959798995
4.341733870967742
4.498495486459378
3.653306613226453
5.113911290322581
3.4434434434434436
4.447
4.3678391959799
4.156312625250501
4.703329969727548
4.284
4.154
4.079396984924623
4.241
3.5973763874873863
3.601412714429869
3.700700700700701
4.336008024072217
4.064
4.203
4.335005015045136
4.449348044132397
3.7811550151975686
4.229061553985873
3.8333333333333335
5.074074074074074
5.035
4.118473895582329
5.048387096774194
5.012060301507538
4.381763527054108
3.285
4.166499498495487
4.310171198388721
4.2968906720160485
4.502016129032258
5.03437815975733
3.7437185929648242
4.429145728643216
4.215215215215215
4.269
4.366465863453815
4.235
4.356
4.6923076923076925
4.650952858575727
4.3125
4.219
4.671356783919598
3.721442885771543
4.110220440881764
3.7327327327327327
3.6214859437751006
4.1691691691691695
4.423
3.5787362086258776
3.6417004048582995
4.231231231231231
4.66900702106319
3.6603206412825653
3.595551061678463
4.301925025329281
4.319277108433735
3.585
3.842741935483871
3.622983870967742
4.342424242424243
4.451
3.640040444893832
4.307537688442211
4.30060120240481
4.193089430894309
3.671013039117352
4.459677419354839
4.334334334334335
4.498486377396569
4.342741935483871
4.045500505561173
4.477911646586345
4.6800804828973845
4.182741116751269
3.6331658291457285
4.104251012145749
4.501008064516129
3.311178247734139
4.288866599799398
4.7131313131313135
4.332661290322581
4.418674698795181
4.449698189134809
5.016129032258065
4.235
4.30978809283552
4.227364185110664
4.352
5.044489383215369
4.244466800804829
4.308157099697885
4.248746238716149
4.186116700201207
4.253507014028056
4.658316633266533
4.292585170340681
4.14
4.668
3.694472361809045
4.131131131131131
3.7142857142857144
3.6636636636636637
4.261261261261262
4.46
4.319639278557114
4.524242424242424
4.25731584258325
4.388496468213925
4.684104627766599
4.242
4.500502512562814
4.078156312625251
3.66
4.092092092092092
4.699899295065459
4.497492477432297
4.653535353535354
4.451
4.16
4.689828801611279
4.295295295295295
4.341389728096677
4.251762336354481
4.457286432160804
4.683518705763397
3.650300601202405
4.156882591093117
4.349
4.67
3.6603206412825653
4.670694864048339
4.693548387096774
3.5973895582329316
3.677386934673367
3.7
4.391
4.274824473420261
3.8476286579212915
4.163801820020223
4.115927419354839
4.210631895687061
3.644803229061554
4.276036400404449
4.072361809045226
3.720766129032258
4.477386934673367
3.5947843530591777
5.088145896656535
4.4509018036072145
3.60261569416499
4.681130171543895
4.370707070707071
4.1030303030303035
4.525
4.512145748987854
4.222672064777328
4.230382293762576
4.152834008097166
3.727732793522267
3.5955955955955954
4.681726907630522
4.280241935483871
4.345070422535211
4.358074222668004
4.248741188318228
4.661
4.165165165165165
4.141
4.440968718466196
4.699293642785066
4.680360721442886
4.1202404809619235
4.711967545638945
5.02116935483871
4.664321608040201
2.6663316582914574
4.661661661661662
5.045135406218656
3.8422649140546006
4.452
4.357649442755826
4.468277945619335
4.263263263263263
4.477911646586345
4.452165156092649
4.481444332998997
3.713420787083754
3.799597180261833
4.360688956433637
3.612676056338028
4.468875502008032
4.477341389728097
4.43530591775326
4.668
2.886886886886887
4.422845691382766
3.772727272727273
5.028254288597377
3.6953907815631264
3.7289156626506026
4.496969696969697
4.202825428859738
3.634245187436677
4.673019057171515
4.473473473473473
4.124124124124124
3.645748987854251
4.366834170854271
4.459919839679359
4.11334002006018
3.693548387096774
4.2234468937875755
4.08577194752775
5.054435483870968
3.918016194331984
3.8748738647830474
4.726262626262626
4.492971887550201
4.356205852674067
4.175175175175175
4.457200402819738
4.1648129423660265
4.104104104104104
4.336032388663968
4.257575757575758
4.246
4.367408906882591
4.47947947947948
4.1464393179538614
4.748230535894844
4.362449799196787
4.191191191191191
4.263263263263263
4.334340382678751
3.6002024291497974
4.6774519716885745
4.3095723014256615
4.6720321931589535
4.668008048289739
4.476334340382679
4.406626506024097
4.313508064516129
4.255813953488372
4.223790322580645
4.32032032032032
5.061306532663316
4.68068068068068
3.6676737160120845
4.269809428284854
4.178498985801217
3.6076845298281093
3.807653575025176
4.508559919436053
3.65625
4.496468213925328
4.118236472945892
3.654196157735086
3.6595959595959595
4.451612903225806
4.188508064516129
3.7221095334685597
4.341069626639758
4.328328328328328
4.2620481927710845
3.8
4.194583751253761
3.535822401614531
4.139839034205232
3.6559679037111334
4.249
4.434869739478958
5.070564516129032
4.223115577889447
5.075376884422111
4.307070707070707
3.580808080808081
4.431431431431432
5.1214574898785425
4.48335015136226
4.648539778449144
4.427995971802618
4.5
4.344032096288867
4.666329625884732
4.341733870967742
4.174523570712136
4.327309236947791
3.7585858585858585
4.658585858585859
4.134207870837538
5.036
4.143143143143143
3.62124248496994
4.511044176706827
3.723404255319149
3.95748987854251
3.702020202020202
3.5327291037260826
4.52052052052052
4.38376753507014
4.467336683417085
3.715725806451613
4.306760847628658
4.351515151515152
4.2635814889336014
4.274549098196393
3.5816532258064515
4.187939698492462
4.345766129032258
3.853683148335015
4.08577194752775
3.67979797979798
4.492431886982845
5.071500503524673
4.729103726082578
4.263846928499497
5.034068136272545
4.258847320525784
4.528225806451613
4.4743718592964825
4.654233870967742
4.494969818913481
4.131712259371834
4.439959636730575
3.596173212487412
4.249243188698284
4.436746987951807
3.8722334004024144
3.7303822937625752
4.11830131445905
3.6916076845298282
4.1997981836528755
4.4738430583501
4.225937183383992
3.6360887096774195
4.276381909547739
4.1656626506024095
5.193158953722334
4.439516129032258
4.614372469635628
4.494939271255061
3.9059656218402425
5.049395161290323
4.441532258064516
4.428140703517588
4.5491967871485945
5.110887096774194
4.723123732251521
4.700101317122594
4.653923541247485
5.014141414141414
4.328298086606243
4.661957618567104
4.51307847082495
4.669028340080971
4.390514631685167
5.044044044044044
4.346038114343029
4.110663983903421
4.090543259557344
5.060913705583756
3.609264853977845
4.5070707070707074
4.106318956870612
4.202825428859738
4.682139253279516
4.227364185110664
5.022244691607685
4.360242179616549
4.450704225352113
4.646525679758308
4.674066599394551
3.7099697885196377
3.691842900302115
4.370445344129554
4.698989898989899
4.17570281124498
3.765295887662989
4.32657200811359
4.262626262626263
4.095669687814703
4.326633165829146
4.740404040404041
4.338742393509127
4.690596562184024
4.137688442211055
4.4646464646464645
3.6116116116116115
3.989929506545821
3.3669354838709675
5.020161290322581
4.117587939698493
3.6472361809045224
3.587817258883249
4.294236602628918
4.698892245720041
4.323293172690763
4.354124748490945
1.0
1.0
1.0
1.0
4.2028112449799195
