0.743
0.679
0.779
1.0
0.851
0.343
0.674
0.342
1.0
0.782
0.803
0.619
0.752
0.609
0.52
0.373
0.807
0.698
0.558
0.61
0.438
0.383
0.428
0.423
0.465
0.504
0.49
0.463
0.327
0.502
0.294
0.328
0.731
0.446
0.471
0.382
0.509
0.358
0.286
0.294
0.403
0.477
0.3
0.364
0.505
0.386
0.299
0.258
0.462
0.48
0.418
0.473
0.407
0.327
0.432
0.239
0.338
0.353
0.451
0.315
0.278
0.357
0.353
0.221
0.332
0.574
0.238
0.382
0.363
0.23
0.234
0.24
0.303
0.501
0.374
0.289
0.249
0.254
0.3
0.325
0.289
0.512
0.264
0.226
0.331
0.347
0.264
0.31
0.168
0.422
0.268
0.245
0.324
0.253
0.328
0.218
0.363
0.43
0.314
0.311
0.268
0.253
0.261
0.188
0.344
0.24
0.341
0.343
0.456
0.265
0.203
0.178
0.311
0.245
0.282
0.309
0.369
0.389
0.371
0.233
0.241
0.349
0.274
0.294
0.323
0.352
0.265
0.271
0.285
0.309
0.256
0.239
0.282
0.196
0.171
0.157
0.285
0.419
0.296
0.335
0.301
0.249
0.238
0.237
0.279
0.21
0.297
0.23
0.275
0.237
0.244
0.262
0.254
0.267
0.174
0.354
0.272
0.257
0.327
0.244
0.163
0.258
0.301
0.213
0.271
0.231
0.277
0.218
0.302
0.166
0.228
0.252
0.268
0.209
0.154
0.188
0.264
0.265
0.263
0.173
0.332
0.172
0.17
0.18
0.265
0.305
0.115
0.142
0.21
0.243
0.283
0.185
0.213
0.24
0.241
0.327
0.208
0.225
0.138
0.225
0.276
0.269
0.225
0.237
0.283
0.224
0.22
0.277
0.234
0.289
0.286
0.224
0.241
0.232
0.141
0.138
0.192
0.298
0.145
0.174
0.216
0.139
0.139
0.217
0.252
0.228
0.254
0.205
0.198
0.275
0.26
0.265
0.249
0.111
0.222
0.187
0.261
0.269
0.27
0.167
0.18
0.18
0.111
0.142
0.314
0.153
0.228
0.301
0.188
0.208
0.173
0.217
0.187
0.179
0.123
0.127
0.144
0.343
0.225
0.202
0.264
0.194
0.188
0.261
0.33
0.245
0.153
0.163
0.178
0.18
0.159
0.193
0.221
0.257
0.178
0.25
0.175
0.226
0.231
0.241
0.163
0.218
0.232
0.203
0.231
0.236
0.193
0.161
0.22
0.129
0.154
0.235
0.234
0.245
0.177
0.193
0.273
0.146
0.192
0.173
0.213
0.23
0.175
0.157
0.278
0.196
0.176
0.179
0.22
0.191
0.133
0.2
0.158
0.205
0.291
0.186
0.154
0.126
0.116
0.132
0.251
0.096
0.202
0.233
0.236
0.148
0.149
0.249
0.154
0.205
0.211
0.265
0.213
0.173
0.158
0.182
0.159
0.2
0.175
0.195
0.245
0.162
0.126
0.172
0.227
0.224
0.163
0.194
0.143
0.207
0.167
0.144
0.154
0.193
0.21
0.154
0.104
0.127
0.112
0.12
0.271
0.136
0.132
0.097
0.161
0.182
0.171
0.061
0.129
0.212
0.179
0.219
0.178
0.195
0.122
0.231
0.112
0.182
0.133
0.152
0.183
0.204
0.119
0.211
0.251
0.26
0.146
0.141
0.18
0.191
0.174
0.181
0.12
0.195
0.151
0.219
0.139
0.198
0.2
0.217
0.159
0.095
0.201
0.262
0.17
0.15
0.194
0.107
0.225
0.122
0.156
0.137
0.07
0.234
0.111
0.133
0.229
0.11
0.204
0.129
0.095
0.09
0.195
0.168
0.168
0.178
0.208
0.167
0.198
0.148
0.101
0.179
0.204
0.162
0.097
0.118
0.156
0.153
0.161
0.222
0.204
0.167
0.14
0.308
0.141
0.12
0.088
0.123
0.17
0.161
0.126
0.21
0.127
0.139
0.175
0.155
0.185
0.192
0.125
0.151
0.167
0.124
0.211
0.117
0.151
0.163
0.16
0.128
0.272
0.115
0.114
0.152
0.088
0.161
0.129
0.237
0.108
0.13
0.16
0.142
0.165
0.18
0.085
0.177
0.117
0.163
0.101
0.159
0.139
0.108
0.12
0.194
0.257
0.254
0.168
0.118
0.212
0.151
0.136
0.143
0.183
0.186
0.137
0.19
0.18
0.199
0.114
0.279
0.171
0.139
0.133
0.163
0.155
0.124
0.089
0.1
0.142
0.095
0.203
0.216
0.128
0.092
0.109
0.149
0.178
0.179
0.205
0.168
0.249
0.199
0.104
0.163
0.132
0.147
0.188
0.156
0.113
0.187
0.214
0.168
0.204
0.14
0.173
0.087
0.114
0.136
0.128
0.117
0.138
0.135
0.128
0.165
0.159
0.119
0.17
0.138
0.153
0.189
0.191
0.138
0.136
0.232
0.105
0.153
0.093
0.105
0.141
0.11
0.117
0.17
0.154
0.093
0.117
0.1
0.094
0.095
0.167
0.124
0.117
0.148
0.141
0.164
0.114
0.107
0.113
0.145
0.217
0.171
0.136
0.179
0.11
0.166
0.108
0.182
0.075
0.191
0.11
0.156
0.13
0.074
0.165
0.202
0.169
0.153
0.185
0.099
0.077
0.077
0.188
0.173
0.131
0.146
0.101
0.181
0.113
0.062
0.097
0.177
0.087
0.104
0.152
0.236
0.116
0.138
0.138
0.142
0.134
0.175
0.117
0.143
0.158
0.207
0.16
0.146
0.068
0.173
0.083
0.147
0.089
0.166
0.154
0.16
0.192
0.236
0.123
0.184
0.203
0.179
0.125
0.223
0.192
0.143
0.126
0.252
0.167
0.132
0.104
0.146
0.145
0.11
0.166
0.165
0.203
0.121
0.105
0.069
0.144
0.154
0.115
0.106
0.164
0.151
0.161
0.081
0.247
0.107
0.09
0.123
0.101
0.122
0.096
0.129
0.139
0.092
0.127
0.1
0.153
0.152
0.167
0.182
0.166
0.115
0.233
0.129
0.13
0.141
0.133
0.161
0.18
0.118
0.145
0.199
0.102
0.075
0.118
0.084
0.15
0.096
0.175
0.176
0.193
0.083
0.133
0.103
0.108
0.105
0.131
0.119
0.139
0.076
0.081
0.072
0.23
0.236
0.156
0.096
0.144
0.114
0.07
0.226
0.165
0.176
0.174
0.145
0.109
0.203
0.176
0.135
0.139
0.136
0.273
0.124
0.083
0.188
0.053
0.127
0.19
0.099
0.135
0.205
0.16
0.126
0.125
0.098
0.139
0.073
0.185
0.104
0.074
0.137
0.144
0.163
0.101
0.218
0.175
0.08
0.081
0.096
0.093
0.116
0.064
0.076
0.105
0.115
0.071
0.186
0.095
0.108
0.133
0.171
0.103
0.085
0.104
0.138
0.092
0.15
0.243
0.142
0.096
0.108
0.131
0.164
0.101
0.129
0.1
0.196
0.089
0.11
0.157
0.163
0.105
0.121
0.139
0.197
0.212
0.09
0.165
0.122
0.073
0.14
0.094
0.108
0.119
0.072
0.061
0.179
0.128
0.146
0.114
0.162
0.158
0.125
0.125
0.112
0.143
0.17
0.055
0.118
0.171
0.159
0.165
0.183
0.092
0.128
0.185
0.069
0.132
0.156
0.091
0.117
0.16
0.14
0.058
0.105
0.176
0.126
0.133
0.171
0.129
0.142
0.191
0.06
0.125
0.155
0.152
0.094
0.179
0.122
0.15
0.082
0.108
0.12
0.158
0.236
0.202
0.114
0.121
0.169
0.067
0.179
0.041
0.075
0.249
0.075
0.054
0.158
0.206
0.144
0.125
0.084
0.069
0.117
0.091
0.143
0.138
0.122
0.118
0.09
0.149
0.145
0.119
0.129
0.079
0.132
0.212
0.083
0.149
0.09
0.172
0.15
0.083
0.118
0.153
0.114
0.158
0.08
0.107
0.16
0.168
0.056
0.034
0.067
0.117
0.095
0.148
0.066
0.092
0.102
0.08
0.194
0.087
0.199
0.134
0.055
0.173
0.18
0.16
0.162
0.109
0.061
0.113
0.16
0.106
0.221
0.048
0.14
0.045
0.119
0.172
0.072
0.093
0.125
0.069
0.062
0.082
0.068
0.082
0.107
0.163
0.092
0.152
0.067
0.136
0.082
0.097
0.146
0.187
0.056
0.195
0.13
0.161
0.141
0.065
0.131
0.107
0.078
0.102
0.114
0.049
0.081
0.096
0.165
0.072
0.127
0.094
0.101
0.158
0.172
0.175
0.077
0.133
0.124
0.163
0.136
0.179
0.063
0.076
0.11
0.204
0.189
0.217
0.13
0.062
0.095
0.141
0.213
0.089
0.121
0.064
0.131
1.0
1.0
1.0
1.0
1.0
0.954
1.0
0.959
1.0
1.0
1.0
1.0
1.0
1.0
0.998
0.955
1.0
1.0
1.0
1.0
0.999
0.99
0.995
0.999
1.0
0.997
0.999
1.0
0.982
1.0
0.911
0.981
1.0
1.0
0.999
0.992
1.0
0.963
0.976
0.864
0.999
1.0
0.937
0.997
1.0
0.975
0.948
0.924
1.0
1.0
0.998
1.0
0.996
0.992
0.999
0.971
0.988
0.986
1.0
0.975
0.882
0.986
0.983
0.96
0.996
1.0
0.889
0.997
0.988
0.932
0.926
0.97
0.936
0.999
1.0
0.96
0.977
0.926
0.963
0.941
0.97
1.0
0.957
0.832
0.999
0.972
0.939
0.967
0.949
1.0
0.966
0.964
0.979
0.779
0.969
0.92
0.998
0.999
0.993
0.995
0.841
0.959
0.985
0.849
0.998
0.908
0.984
0.976
0.996
0.804
0.86
0.857
0.99
0.935
0.925
0.922
0.992
0.988
1.0
0.956
0.936
0.974
0.974
0.943
0.988
0.974
0.879
0.955
0.891
0.991
0.981
0.814
0.961
0.933
0.774
0.835
0.971
1.0
0.963
0.999
0.962
0.955
0.972
0.927
0.991
0.956
0.976
0.887
0.977
0.918
0.885
0.936
0.945
0.983
0.797
0.998
0.96
0.892
0.957
0.931
0.927
0.928
0.919
0.891
0.958
0.872
0.944
0.846
0.973
0.804
0.905
0.946
0.871
0.879
0.814
0.947
0.927
0.926
0.928
0.789
0.941
0.828
0.871
0.866
0.992
0.984
0.831
0.853
0.939
0.808
0.953
0.886
0.902
0.971
0.897
0.978
0.942
0.927
0.85
0.824
0.952
0.989
0.96
0.893
0.956
0.931
0.852
0.965
0.907
0.874
0.919
0.835
0.871
0.849
0.799
0.741
0.921
0.944
0.915
0.814
0.913
0.865
0.818
0.85
0.93
0.897
0.901
0.847
0.864
0.955
0.901
0.757
0.928
0.838
0.966
0.951
0.974
0.929
0.887
0.919
0.944
0.954
0.75
0.851
0.978
0.908
0.975
0.9
0.875
0.955
0.947
0.882
0.893
0.786
0.746
0.83
0.924
0.973
0.906
0.853
0.951
0.958
0.896
0.899
0.997
0.849
0.863
0.771
0.833
0.876
0.807
0.969
0.954
0.903
0.802
0.904
0.82
0.787
0.858
0.83
0.884
0.814
0.877
0.806
0.895
0.837
0.809
0.787
0.902
0.85
0.888
0.843
0.951
0.945
0.898
0.812
0.981
0.858
0.935
0.861
0.857
0.83
0.788
0.788
0.956
0.881
0.93
0.842
0.799
0.938
0.794
0.908
0.879
0.908
0.985
0.949
0.889
0.862
0.719
0.826
0.902
0.781
0.89
0.883
0.983
0.859
0.867
0.893
0.9
0.943
0.913
0.923
0.943
0.896
0.824
0.868
0.849
0.799
0.929
0.855
0.967
0.935
0.743
0.826
0.865
0.913
0.841
0.902
0.813
0.89
0.805
0.788
0.748
0.834
0.875
0.754
0.759
0.858
0.866
0.809
0.887
0.777
0.848
0.718
0.792
0.797
0.803
0.711
0.775
0.918
0.869
0.729
0.741
0.868
0.749
0.839
0.87
0.899
0.866
0.797
0.883
0.852
0.712
0.84
0.883
0.913
0.762
0.758
0.795
0.729
0.904
0.741
0.858
0.896
0.805
0.76
0.807
0.776
0.851
0.735
0.856
0.773
0.82
0.91
0.88
0.884
0.82
0.745
0.901
0.884
0.817
0.736
0.708
0.785
0.712
0.893
0.833
0.755
0.793
0.782
0.84
0.745
0.851
0.866
0.853
0.926
0.865
0.801
0.845
0.806
0.785
0.795
0.811
0.795
0.736
0.75
0.828
0.79
0.85
0.788
0.954
0.894
0.805
0.84
0.695
0.832
0.75
0.758
0.813
0.834
0.814
0.954
0.912
0.728
0.724
0.9
0.784
0.756
0.817
0.745
0.893
0.722
0.911
0.743
0.809
0.749
0.947
0.866
0.859
0.79
0.784
0.767
0.689
0.858
0.719
0.897
0.756
0.828
0.729
0.798
0.84
0.827
0.727
0.886
0.805
0.871
0.771
0.84
0.884
0.771
0.788
0.881
0.861
0.926
0.761
0.718
0.936
0.739
0.769
0.817
0.819
0.81
0.886
0.785
0.848
0.733
0.875
0.841
0.802
0.767
0.828
0.877
0.839
0.732
0.742
0.848
0.79
0.737
0.748
0.795
0.738
0.745
0.754
0.804
0.764
0.734
0.889
0.841
0.849
0.88
0.857
0.871
0.742
0.716
0.831
0.739
0.703
0.847
0.924
0.87
0.788
0.846
0.867
0.724
0.881
0.84
0.686
0.764
0.919
0.821
0.757
0.791
0.748
0.765
0.771
0.81
0.836
0.864
0.717
0.87
0.819
0.773
0.754
0.796
0.771
0.814
0.724
0.782
0.801
0.742
0.742
0.799
0.738
0.715
0.791
0.775
0.845
0.741
0.738
0.778
0.813
0.772
0.832
0.8
0.697
0.721
0.792
0.781
0.879
0.733
0.713
0.721
0.766
0.779
0.706
0.761
0.862
0.72
0.792
0.728
0.89
0.826
0.787
0.819
0.744
0.737
0.749
0.722
0.895
0.786
0.733
0.811
0.734
0.759
0.676
0.758
0.87
0.821
0.734
0.792
0.786
0.781
0.77
0.714
0.761
0.745
0.722
0.792
0.739
0.866
0.868
0.736
0.844
0.83
0.716
0.763
0.67
0.819
0.777
0.794
0.752
0.783
0.766
0.863
0.841
0.801
0.718
0.831
0.787
0.779
0.73
0.733
0.74
0.862
0.701
0.739
0.718
0.821
0.72
0.717
0.808
0.708
0.736
0.701
0.818
0.723
0.754
0.708
0.72
0.725
0.762
0.79
0.74
0.682
0.748
0.816
0.693
0.734
0.748
0.706
0.702
0.871
0.757
0.709
0.862
0.715
0.722
0.733
0.828
0.757
0.781
0.774
0.806
0.777
0.874
0.738
0.801
0.745
0.854
0.846
0.866
0.814
0.707
0.686
0.733
0.753
0.913
0.722
0.784
0.838
0.863
0.689
0.786
0.685
0.833
0.796
0.764
0.79
0.711
0.738
0.778
0.695
0.816
0.724
0.776
0.786
0.778
0.739
0.698
0.803
0.771
0.849
0.917
0.746
0.717
0.752
0.758
0.765
0.714
0.69
0.795
0.724
0.726
0.789
0.665
0.773
0.755
0.728
0.696
0.752
0.813
0.672
0.711
0.721
0.729
0.726
0.82
0.735
0.744
0.713
0.808
0.728
0.791
0.802
0.863
0.719
0.689
0.771
0.756
0.736
0.675
0.745
0.735
0.785
0.743
0.741
0.817
0.737
0.729
0.78
0.756
0.69
0.811
0.73
0.71
0.733
0.723
0.702
0.749
0.735
0.784
0.817
0.787
0.742
0.695
0.805
0.774
0.73
0.733
0.744
0.718
0.753
0.792
0.737
0.767
0.781
0.768
0.696
0.746
0.757
0.716
0.673
0.704
0.702
0.643
0.723
0.821
0.731
0.72
0.772
0.766
0.724
0.833
0.706
0.827
0.727
0.711
0.696
0.788
0.773
0.78
0.744
0.685
0.733
0.748
0.721
0.722
0.739
0.699
0.746
0.779
0.769
0.657
0.796
0.728
0.76
0.719
0.748
0.673
0.697
0.737
0.703
0.777
0.729
0.773
0.705
0.706
0.761
0.725
0.76
0.707
0.743
0.782
0.736
0.746
0.743
0.789
0.803
0.714
0.729
0.683
0.68
0.769
0.759
0.735
0.748
0.748
0.718
0.765
0.753
0.689
0.682
0.731
0.756
0.677
0.713
0.741
0.799
0.777
0.776
0.733
0.749
0.695
0.689
0.739
0.764
0.782
0.72
0.7
0.733
0.737
0.705
0.742
0.704
0.748
0.683
0.7
0.714
0.733
0.675
0.646
0.675
0.74
0.746
0.708
0.693
0.73
0.725
0.724
0.73
0.711
0.739
0.699
0.682
0.72
0.711
0.755
0.723
0.71
0.671
0.717
0.716
0.737
0.779
0.654
0.702
0.695
0.746
0.719
0.695
0.658
0.699
0.67
0.686
0.728
0.731
0.701
0.708
0.708
0.715
0.746
0.717
0.745
0.691
0.663
0.726
0.747
0.673
0.743
0.705
0.774
0.721
0.667
0.698
0.711
0.693
0.677
0.73
0.677
0.7
0.708
0.691
0.699
0.709
0.739
0.701
0.737
0.699
0.747
0.738
0.701
0.688
0.742
0.704
0.719
0.665
0.702
0.714
0.759
0.758
0.749
0.686
0.704
0.678
0.73
0.754
0.747
0.672
0.708
0.729
1.0
1.0
1.0
1.0
1.0
0.999
1.0
0.998
1.0
1.0
1.0
1.0
1.0
1.0
1.0
1.0
1.0
1.0
1.0
1.0
1.0
1.0
1.0
1.0
1.0
1.0
1.0
1.0
1.0
1.0
0.997
1.0
1.0
1.0
1.0
1.0
1.0
1.0
1.0
0.986
1.0
1.0
0.997
1.0
1.0
0.999
0.997
0.999
1.0
1.0
1.0
1.0
1.0
1.0
1.0
1.0
1.0
1.0
1.0
1.0
0.99
1.0
1.0
0.998
1.0
1.0
0.994
1.0
1.0
0.998
0.995
1.0
1.0
1.0
1.0
0.999
0.998
0.997
1.0
0.998
1.0
1.0
1.0
0.971
1.0
1.0
0.999
1.0
0.999
1.0
1.0
1.0
1.0
0.969
0.999
0.993
1.0
1.0
1.0
1.0
0.971
0.998
1.0
0.983
1.0
0.993
1.0
1.0
1.0
0.971
0.99
0.988
1.0
0.998
0.994
0.997
1.0
1.0
1.0
1.0
1.0
0.999
1.0
0.999
1.0
1.0
0.99
0.999
0.994
1.0
1.0
0.968
0.999
0.999
0.944
0.979
1.0
1.0
0.999
1.0
1.0
0.999
1.0
0.999
1.0
0.999
1.0
0.995
1.0
0.999
0.997
0.997
1.0
1.0
0.963
1.0
1.0
0.994
1.0
0.996
0.995
0.999
0.997
0.993
1.0
0.989
0.999
0.993
1.0
0.963
0.991
0.999
0.989
0.989
0.972
0.998
0.998
0.998
0.999
0.973
0.997
0.981
0.987
0.992
1.0
1.0
0.978
0.981
1.0
0.965
0.998
0.994
0.991
1.0
0.996
0.999
0.999
1.0
0.983
0.972
0.998
1.0
1.0
0.99
1.0
0.998
0.982
1.0
0.994
0.993
0.999
0.978
0.991
0.979
0.969
0.949
0.996
0.999
0.992
0.981
0.997
0.993
0.96
0.986
0.999
0.992
0.992
0.992
0.965
1.0
0.988
0.937
0.994
0.975
1.0
0.999
1.0
0.998
0.992
0.998
1.0
0.998
0.933
0.978
1.0
0.998
1.0
0.991
0.99
1.0
0.998
0.986
0.99
0.964
0.931
0.981
0.995
0.999
0.993
0.989
0.999
0.999
0.994
0.995
1.0
0.986
0.989
0.971
0.987
0.992
0.972
0.998
1.0
0.994
0.968
0.995
0.958
0.968
0.991
0.984
0.988
0.978
0.987
0.967
0.991
0.985
0.961
0.964
0.997
0.974
0.995
0.984
1.0
0.997
0.993
0.967
1.0
0.987
0.997
0.986
0.975
0.975
0.974
0.953
1.0
0.992
0.999
0.982
0.967
0.999
0.967
0.994
0.991
0.996
1.0
1.0
0.994
0.978
0.914
0.982
0.996
0.952
0.991
0.994
1.0
0.994
0.984
0.998
0.999
0.999
0.998
0.992
0.998
0.989
0.981
0.981
0.981
0.969
0.999
0.989
0.999
0.996
0.933
0.99
0.98
0.996
0.983
0.987
0.974
0.984
0.958
0.972
0.93
0.985
0.987
0.935
0.936
0.98
0.993
0.961
0.999
0.971
0.983
0.931
0.97
0.959
0.965
0.933
0.95
0.997
0.99
0.944
0.93
0.99
0.933
0.984
0.991
0.995
0.985
0.973
0.993
0.978
0.944
0.977
0.994
0.997
0.963
0.931
0.969
0.941
0.998
0.944
0.988
0.992
0.981
0.932
0.965
0.966
0.98
0.938
0.986
0.963
0.988
0.998
0.988
0.993
0.984
0.97
0.995
0.993
0.97
0.935
0.935
0.976
0.941
0.996
0.987
0.968
0.968
0.965
0.971
0.961
0.985
0.989
0.991
0.996
0.993
0.968
0.987
0.987
0.959
0.958
0.967
0.968
0.919
0.957
0.966
0.968
0.984
0.96
0.998
0.992
0.962
0.982
0.945
0.98
0.942
0.944
0.978
0.981
0.973
0.999
0.997
0.941
0.934
0.993
0.97
0.934
0.981
0.938
0.992
0.93
0.997
0.937
0.973
0.936
1.0
0.992
0.989
0.961
0.964
0.971
0.923
0.992
0.928
0.995
0.939
0.981
0.93
0.969
0.983
0.982
0.933
0.995
0.965
0.991
0.965
0.989
0.995
0.961
0.962
0.99
0.991
0.996
0.963
0.932
1.0
0.941
0.958
0.981
0.959
0.984
0.991
0.963
0.973
0.937
0.992
0.982
0.96
0.962
0.972
0.996
0.987
0.928
0.922
0.992
0.979
0.935
0.928
0.965
0.939
0.961
0.97
0.968
0.953
0.935
0.994
0.985
0.981
0.989
0.984
0.988
0.926
0.939
0.982
0.928
0.943
0.99
1.0
0.987
0.969
0.979
0.99
0.939
0.996
0.993
0.922
0.974
0.999
0.975
0.961
0.975
0.943
0.969
0.968
0.982
0.98
0.988
0.94
0.992
0.962
0.964
0.949
0.967
0.958
0.979
0.942
0.967
0.971
0.932
0.932
0.984
0.946
0.938
0.984
0.964
0.992
0.929
0.926
0.971
0.975
0.964
0.98
0.98
0.921
0.936
0.979
0.962
0.993
0.935
0.936
0.951
0.963
0.964
0.928
0.962
0.986
0.947
0.963
0.931
0.994
0.978
0.974
0.981
0.941
0.931
0.961
0.923
0.997
0.957
0.939
0.959
0.927
0.941
0.939
0.974
0.993
0.96
0.937
0.953
0.97
0.974
0.973
0.928
0.972
0.934
0.94
0.95
0.946
0.994
0.994
0.929
0.982
0.979
0.944
0.965
0.93
0.979
0.96
0.958
0.964
0.973
0.965
0.985
0.982
0.959
0.936
0.973
0.964
0.96
0.93
0.936
0.933
0.987
0.929
0.934
0.926
0.98
0.933
0.919
0.962
0.932
0.933
0.924
0.982
0.94
0.934
0.942
0.936
0.937
0.937
0.97
0.942
0.939
0.93
0.981
0.923
0.937
0.96
0.954
0.931
0.991
0.931
0.926
0.99
0.94
0.93
0.933
0.98
0.945
0.963
0.955
0.971
0.96
0.986
0.948
0.98
0.936
0.985
0.97
0.99
0.96
0.94
0.943
0.947
0.95
0.999
0.936
0.959
0.979
0.978
0.942
0.972
0.936
0.982
0.98
0.968
0.961
0.925
0.957
0.956
0.922
0.966
0.932
0.972
0.981
0.96
0.939
0.934
0.968
0.934
0.985
1.0
0.935
0.939
0.922
0.927
0.956
0.931
0.93
0.968
0.939
0.94
0.972
0.929
0.977
0.936
0.939
0.928
0.949
0.972
0.915
0.919
0.942
0.934
0.937
0.987
0.935
0.943
0.945
0.98
0.936
0.979
0.963
0.99
0.941
0.943
0.958
0.948
0.939
0.913
0.964
0.96
0.967
0.966
0.928
0.984
0.934
0.934
0.97
0.95
0.923
0.981
0.939
0.934
0.933
0.939
0.942
0.948
0.971
0.983
0.961
0.972
0.947
0.933
0.984
0.964
0.918
0.941
0.951
0.937
0.963
0.967
0.943
0.945
0.964
0.922
0.937
0.967
0.947
0.924
0.924
0.922
0.938
0.914
0.935
0.985
0.934
0.946
0.958
0.935
0.937
0.986
0.925
0.981
0.939
0.932
0.93
0.965
0.962
0.931
0.93
0.931
0.942
0.941
0.936
0.93
0.932
0.944
0.944
0.93
0.953
0.931
0.978
0.946
0.963
0.933
0.928
0.948
0.931
0.938
0.936
0.968
0.946
0.935
0.938
0.929
0.932
0.931
0.959
0.94
0.937
0.964
0.94
0.935
0.959
0.978
0.957
0.936
0.947
0.931
0.923
0.943
0.952
0.934
0.936
0.938
0.927
0.963
0.971
0.93
0.941
0.969
0.966
0.923
0.942
0.939
0.966
0.968
0.963
0.928
0.935
0.93
0.907
0.92
0.959
0.963
0.936
0.939
0.924
0.928
0.932
0.97
0.924
0.932
0.934
0.936
0.939
0.929
0.917
0.927
0.929
0.931
0.966
0.927
0.935
0.927
0.948
0.932
0.936
0.931
0.933
0.939
0.928
0.936
0.92
0.926
0.946
0.934
0.934
0.922
0.926
0.928
0.949
0.93
0.932
0.923
0.952
0.942
0.95
0.934
0.939
0.927
0.941
0.935
0.944
0.917
0.943
0.944
0.944
0.948
0.927
0.933
0.927
0.929
0.939
0.939
0.947
0.929
0.927
0.966
0.934
0.936
0.93
0.932
0.923
0.933
0.944
0.941
0.925
0.935
0.933
0.922
0.935
0.942
0.933
0.936
0.931
0.945
0.931
0.942
0.933
0.94
0.943
0.939
0.928
0.923
0.933
0.946
0.918
0.928
0.93
0.927
0.932
0.937
0.933
0.942
0.932
0.944
0.916
1.0
1.0
1.0
1.0
1.0
1.0
1.0
1.0
1.0
1.0
1.0
1.0
1.0
1.0
1.0
1.0
1.0
1.0
1.0
1.0
1.0
1.0
1.0
1.0
1.0
1.0
1.0
1.0
1.0
1.0
1.0
1.0
1.0
1.0
1.0
1.0
1.0
1.0
1.0
1.0
1.0
1.0
1.0
1.0
1.0
1.0
1.0
1.0
1.0
1.0
1.0
1.0
1.0
1.0
1.0
1.0
1.0
1.0
1.0
1.0
1.0
1.0
1.0
1.0
1.0
1.0
1.0
1.0
1.0
1.0
1.0
1.0
1.0
1.0
1.0
1.0
1.0
1.0
1.0
1.0
1.0
1.0
1.0
0.998
1.0
1.0
1.0
1.0
1.0
1.0
1.0
1.0
1.0
0.999
0.999
1.0
1.0
1.0
1.0
1.0
1.0
1.0
1.0
0.999
1.0
1.0
1.0
1.0
1.0
0.998
1.0
1.0
1.0
1.0
1.0
1.0
1.0
1.0
1.0
1.0
1.0
1.0
1.0
1.0
1.0
1.0
0.999
1.0
1.0
1.0
1.0
0.996
1.0
1.0
0.991
0.999
1.0
1.0
1.0
1.0
1.0
1.0
1.0
1.0
1.0
1.0
1.0
1.0
1.0
1.0
1.0
1.0
1.0
1.0
1.0
1.0
1.0
1.0
1.0
1.0
1.0
1.0
1.0
1.0
1.0
1.0
1.0
1.0
1.0
0.997
1.0
1.0
1.0
1.0
0.999
1.0
1.0
1.0
1.0
0.999
1.0
0.999
0.999
0.999
1.0
1.0
0.999
1.0
1.0
0.997
1.0
1.0
1.0
1.0
1.0
1.0
1.0
1.0
0.999
0.997
1.0
1.0
1.0
1.0
1.0
1.0
0.999
1.0
1.0
0.999
1.0
1.0
0.998
0.999
0.998
0.99
1.0
1.0
0.999
0.999
1.0
1.0
0.997
0.999
1.0
1.0
1.0
1.0
0.999
1.0
1.0
0.994
0.999
1.0
1.0
1.0
1.0
1.0
1.0
1.0
1.0
1.0
0.992
0.998
1.0
1.0
1.0
1.0
0.999
1.0
1.0
1.0
1.0
0.997
0.99
1.0
1.0
1.0
1.0
0.997
1.0
1.0
1.0
1.0
1.0
0.997
0.999
1.0
0.999
1.0
0.997
1.0
1.0
1.0
0.998
1.0
0.997
0.998
0.999
1.0
1.0
1.0
0.999
0.999
1.0
1.0
1.0
0.997
1.0
1.0
1.0
0.999
1.0
1.0
1.0
0.999
1.0
1.0
1.0
1.0
0.999
0.998
0.996
0.996
1.0
1.0
1.0
1.0
0.996
1.0
0.997
1.0
1.0
1.0
1.0
1.0
1.0
0.998
0.987
0.998
1.0
0.997
1.0
1.0
1.0
0.999
0.999
1.0
1.0
1.0
1.0
1.0
1.0
0.999
0.999
1.0
1.0
0.997
1.0
1.0
1.0
1.0
0.99
0.999
0.998
1.0
0.999
1.0
0.997
0.999
1.0
0.997
0.994
0.999
1.0
0.992
0.991
0.999
1.0
0.996
1.0
0.997
0.998
0.992
0.998
0.998
0.995
0.999
0.999
1.0
1.0
0.993
0.991
1.0
0.987
0.999
1.0
1.0
1.0
0.999
1.0
0.999
0.995
0.999
1.0
1.0
0.997
0.989
0.997
0.996
1.0
0.989
0.996
1.0
1.0
0.995
0.995
0.997
1.0
0.989
1.0
0.997
0.999
1.0
1.0
0.999
1.0
1.0
1.0
1.0
0.997
0.993
0.99
0.998
0.988
1.0
0.999
0.997
0.999
0.998
0.998
0.999
1.0
0.999
1.0
1.0
0.999
1.0
1.0
1.0
0.997
0.997
0.998
0.995
0.988
0.998
0.997
0.998
1.0
0.998
1.0
1.0
0.998
1.0
0.992
1.0
0.995
0.993
0.998
0.999
0.996
1.0
1.0
0.987
0.989
1.0
0.997
0.994
0.998
0.994
1.0
0.991
1.0
0.99
0.999
0.991
1.0
1.0
1.0
0.997
0.999
0.996
0.992
1.0
0.994
1.0
0.99
1.0
0.99
0.994
1.0
1.0
0.991
1.0
0.999
1.0
0.999
0.999
1.0
0.998
0.995
1.0
1.0
1.0
0.997
0.988
1.0
0.991
0.998
0.999
0.999
1.0
1.0
1.0
0.999
0.991
1.0
0.999
0.997
0.995
0.996
1.0
1.0
0.995
0.997
0.999
0.999
0.99
0.993
0.999
0.995
0.998
0.998
0.999
0.994
0.997
1.0
0.997
0.999
1.0
1.0
1.0
0.998
0.994
1.0
0.991
0.992
0.999
1.0
1.0
0.998
1.0
1.0
0.995
1.0
1.0
0.993
0.997
1.0
1.0
0.997
0.999
0.994
0.998
0.996
1.0
0.998
1.0
0.995
1.0
0.994
0.998
0.988
0.996
0.994
1.0
0.991
0.997
0.999
0.991
0.988
0.999
0.992
0.994
0.999
0.999
1.0
0.996
0.995
0.996
0.998
1.0
0.999
0.996
0.995
0.996
0.999
0.997
0.999
0.994
0.988
0.995
0.999
0.997
0.994
0.997
1.0
0.992
0.998
0.989
1.0
0.999
1.0
0.999
0.993
0.986
0.998
0.991
1.0
0.997
0.995
0.998
0.994
0.994
0.991
0.999
1.0
0.998
0.991
0.999
0.998
0.999
0.997
0.99
0.998
0.991
0.993
0.998
0.992
1.0
1.0
0.991
0.999
1.0
0.987
0.999
0.993
0.998
0.989
0.999
0.996
0.999
1.0
0.999
1.0
0.998
0.994
0.999
0.996
0.999
0.987
0.993
0.989
0.999
0.992
0.992
0.985
0.999
0.995
0.993
0.998
0.99
0.994
0.987
1.0
0.991
0.99
0.994
0.994
0.994
0.991
0.997
0.994
0.985
0.992
1.0
0.99
0.992
0.991
0.987
0.992
1.0
0.991
0.991
0.999
0.985
0.993
0.995
0.998
0.993
0.997
1.0
0.998
0.997
1.0
0.988
0.999
0.991
0.999
0.999
1.0
0.997
0.991
0.994
0.995
1.0
1.0
0.992
0.999
0.999
1.0
0.99
0.996
0.996
0.999
1.0
0.995
0.996
0.991
1.0
0.995
0.993
0.995
0.994
0.996
1.0
0.997
0.989
0.991
0.998
0.989
0.999
1.0
0.985
0.992
0.993
0.99
0.998
0.986
0.991
0.996
0.992
0.988
0.995
0.993
0.998
0.995
0.99
0.988
0.995
1.0
0.995
0.996
0.996
0.992
0.993
1.0
0.992
0.995
0.994
1.0
0.997
1.0
0.999
1.0
0.991
0.992
0.997
0.998
0.992
0.989
0.997
0.996
0.998
0.998
0.991
1.0
0.992
0.991
0.996
0.996
0.991
0.999
0.996
0.997
0.993
0.993
0.993
0.99
1.0
0.999
0.999
1.0
0.991
0.99
0.998
0.997
0.994
0.991
0.986
0.989
0.999
1.0
0.988
0.996
0.999
0.989
0.993
0.997
0.988
0.993
0.99
0.995
0.994
0.987
0.99
0.999
0.987
0.991
1.0
0.993
0.991
1.0
0.993
1.0
0.995
0.992
0.993
0.998
0.996
0.991
0.991
0.991
0.991
0.996
0.995
0.994
0.989
0.99
0.99
0.99
0.999
0.992
1.0
0.995
0.999
0.992
0.993
0.992
0.986
0.986
0.994
0.995
0.994
0.985
0.989
0.992
0.992
0.99
0.998
0.996
0.985
0.997
0.991
0.995
0.994
0.999
0.999
0.992
0.989
0.993
0.989
0.994
0.992
0.991
0.991
0.989
0.994
0.999
0.995
0.993
0.988
0.995
0.998
0.993
0.992
0.991
0.999
0.995
0.998
0.995
0.993
0.995
0.994
0.994
0.996
0.995
0.986
0.989
0.987
0.99
0.995
0.999
0.996
0.989
0.993
0.993
0.995
0.99
0.994
0.985
0.99
0.994
0.994
0.993
0.989
0.993
0.993
0.997
0.989
0.992
0.989
0.994
0.99
0.994
0.987
0.995
0.994
0.992
0.986
0.992
0.995
0.994
0.992
0.997
0.988
0.991
0.994
0.993
0.994
0.988
0.987
0.995
0.985
0.989
0.991
0.991
0.993
0.991
0.994
0.994
0.991
0.993
0.989
0.994
0.995
0.992
0.988
0.989
0.99
0.997
0.991
0.993
0.992
0.991
0.984
0.99
0.991
0.995
0.991
0.993
0.993
0.995
0.99
0.99
0.988
0.992
0.993
0.993
0.995
0.99
0.995
0.992
0.989
0.995
0.99
0.989
0.992
0.989
0.995
0.991
0.989
0.993
0.993
0.997
0.991
0.993
0.991
0.996
0.99

5.7092866756393
6.531664212076583
5.802310654685495
1.0
5.117508813160987
6.836734693877551
5.56973293768546
5.318713450292398
1.0
5.216112531969309
5.415940224159402
6.080775444264943
5.723404255319149
5.203612479474549
5.6692307692307695
6.597855227882038
5.5315985130111525
6.3724928366762175
6.799283154121864
6.554098360655738
7.034246575342466
5.70757180156658
5.651869158878505
6.631205673758865
6.941935483870968
5.682539682539683
6.646938775510204
7.332613390928726
7.2140672782874615
6.623505976095617
6.945578231292517
6.829268292682927
6.108071135430917
7.304932735426009
6.834394904458598
6.80890052356021
6.9253438113948915
5.5363128491620115
6.77972027972028
4.928571428571429
6.6923076923076925
6.614255765199162
6.666666666666667
7.2445054945054945
6.114851485148515
5.4067357512953365
6.785953177257525
5.182170542635659
6.9935064935064934
7.104166666666667
6.978468899521531
5.763213530655391
5.41031941031941
7.174311926605505
5.215277777777778
8.092050209205022
7.272189349112426
7.648725212464589
6.822616407982261
6.552380952380952
6.960431654676259
5.347338935574229
5.6543909348441925
7.425339366515837
6.695783132530121
5.421602787456446
7.609243697478991
6.806282722513089
6.853994490358127
8.282608695652174
7.064102564102564
6.7625
6.792079207920792
5.245508982035928
6.310160427807487
7.145328719723183
7.164658634538153
5.291338582677166
6.99
4.88
7.505190311418685
6.205078125
6.571969696969697
7.522123893805309
7.577039274924472
5.70893371757925
6.973484848484849
5.367741935483871
7.261904761904762
7.144549763033176
7.425373134328358
7.53469387755102
5.645061728395062
4.932806324110672
5.8810975609756095
7.077981651376147
6.743801652892562
5.97906976744186
6.7006369426751595
7.048231511254019
5.003731343283582
6.664031620553359
7.344827586206897
7.175531914893617
7.784883720930233
4.658333333333333
6.868035190615836
5.941690962099125
6.416666666666667
4.573584905660377
7.384236453201971
7.067415730337078
6.948553054662379
7.440816326530612
4.053191489361702
5.313915857605178
6.558265582655826
5.544987146529563
7.140161725067386
4.785407725321888
7.091286307053942
5.022922636103152
7.364963503649635
5.496598639455782
6.95046439628483
5.653409090909091
6.811320754716981
7.22140221402214
3.9298245614035086
7.074433656957929
8.00390625
6.98744769874477
4.801418439716312
7.857142857142857
7.859649122807017
7.140127388535032
5.56140350877193
7.05727923627685
7.14527027027027
7.304477611940299
7.534883720930233
6.819277108433735
7.352941176470588
7.1265822784810124
7.326164874551972
7.79047619047619
5.494949494949495
7.086956521739131
6.9781818181818185
6.405063291139241
6.942622950819672
7.217557251908397
6.9763779527559056
7.535580524344569
6.781609195402299
7.590395480225989
6.713235294117647
5.291828793774319
6.9296636085626915
7.311475409836065
7.5030674846625764
7.341085271317829
5.305647840531561
7.126760563380282
7.642066420664206
7.207792207792208
6.516245487364621
7.444954128440367
7.403973509933775
7.13855421686747
7.995614035087719
7.420634920634921
4.858208955223881
7.526315789473684
7.818181818181818
7.696808510638298
5.553030303030303
7.50188679245283
6.6311787072243344
7.473988439306359
6.509036144578313
6.965116279069767
7.205882352941177
7.183333333333334
7.611320754716981
7.337704918032787
7.530434782608696
7.866197183098592
7.661904761904762
6.94238683127572
7.480565371024735
8.043243243243243
7.553990610328638
7.229166666666667
5.033195020746888
7.09480122324159
7.466346153846154
6.6755555555555555
8.13768115942029
6.684444444444445
6.739130434782608
7.736059479553903
7.24
6.928270042194093
5.254416961130742
7.96875
6.5590909090909095
7.249097472924188
6.538461538461538
4.86159169550173
5.076923076923077
6.383928571428571
6.618257261410788
4.620689655172414
6.929078014184397
7.768115942028985
7.291666666666667
7.023489932885906
7.958620689655173
7.574712643678161
7.638888888888889
7.309352517985611
7.575539568345324
4.811059907834101
6.595238095238095
7.416666666666667
6.826771653543307
7.541463414634146
7.313131313131313
7.138181818181818
6.796153846153846
4.611320754716981
4.690763052208835
7.63063063063063
7.743243243243243
7.652406417112299
7.375478927203065
5.4721189591078065
6.974074074074074
7.724550898203593
7.416666666666667
7.4222222222222225
8.108108108108109
6.387323943661972
6.780254777070064
7.751633986928105
8.087719298245615
6.813953488372093
6.696808510638298
7.778846153846154
8.248554913294798
6.838709677419355
7.427807486631016
4.363128491620111
7.512195121951219
7.519685039370079
8.645833333333334
5.763848396501458
7.546666666666667
7.316831683168317
7.15530303030303
8.283505154639176
7.2287234042553195
6.842911877394636
5.5636363636363635
4.910204081632653
6.5816993464052285
7.049079754601227
6.977528089887641
7.111111111111111
7.327044025157233
7.8549222797927465
7.420814479638009
6.5680933852140075
7.415730337078652
7.808
7.788571428571428
6.752212389380531
5.021645021645021
6.551867219917012
7.54601226993865
7.302752293577981
6.922413793103448
7.280788177339901
6.857142857142857
7.190677966101695
7.046632124352332
4.173913043478261
5.595454545454546
8.124031007751938
7.8441558441558445
4.940425531914894
7.102564102564102
4.542857142857143
7.5875706214689265
6.341968911917099
7.597069597069597
8.136986301369863
7.25
7.861271676300578
4.859154929577465
6.665217391304348
4.668571428571428
8.140127388535031
5.622302158273381
5.260204081632653
7.795454545454546
6.407821229050279
4.918181818181818
7.261780104712042
8.330827067669173
7.485
7.310126582278481
7.609756097560975
7.285223367697594
7.026881720430108
8.162337662337663
8.642857142857142
7.775862068965517
6.992424242424242
5.091633466135458
7.6875
7.024752475247524
4.9742489270386265
7.283898305084746
7.351351351351352
7.845637583892618
6.811244979919679
7.941558441558442
6.760975609756097
6.862559241706161
6.724528301886792
7.230046948356808
7.427745664739884
7.094936708860759
7.21978021978022
6.69811320754717
6.88
8.405714285714286
7.425641025641026
5.424489795918367
7.771604938271605
7.833333333333333
7.075581395348837
7.1982378854625555
4.830357142857143
6.9815950920245395
4.670103092783505
7.6923076923076925
6.956521739130435
6.6706586826347305
7.3125
7.1103896103896105
7.466321243523316
4.728571428571429
7.98051948051948
7.961538461538462
7.811023622047244
8.196428571428571
7.85
5.03690036900369
7.772058823529412
8.416666666666666
7.247422680412371
7.086956521739131
7.478021978021978
7.315789473684211
9.344262295081966
7.224806201550388
7.716981132075472
7.290502793296089
6.867579908675799
7.657303370786517
6.661538461538462
6.836065573770492
4.83982683982684
8.348214285714286
5.093406593406593
7.962406015037594
8.243421052631579
8.043715846994536
7.318627450980392
8.764705882352942
7.270142180094787
5.191235059760956
5.234615384615385
6.6506849315068495
6.659574468085107
7.116666666666666
7.4188481675392675
7.747126436781609
6.845303867403315
7.525
4.656410256410257
6.662251655629139
4.296803652968037
6.827338129496403
7.358585858585859
4.705
6.645161290322581
7.251572327044025
7.11578947368421
4.482587064676617
7.103053435114504
6.535294117647059
7.46
4.561855670103093
7.242990654205608
6.986666666666666
8.040983606557377
7.237179487179487
8.043795620437956
8.0
4.6923076923076925
6.666666666666667
7.586466165413534
7.310043668122271
7.836363636363636
5.117647058823529
6.767441860465116
7.042105263157895
8.044444444444444
4.717948717948718
7.226190476190476
7.041666666666667
6.926966292134831
7.447115384615385
7.610778443113772
6.91919191919192
7.391891891891892
7.673267326732673
4.5139664804469275
4.8088235294117645
7.154320987654321
8.29896907216495
7.203389830508475
7.397435897435898
6.895424836601308
7.260869565217392
7.031531531531532
8.112745098039216
7.0359281437125745
7.95
4.89935064935065
6.716312056737588
7.9
7.454545454545454
7.308943089430894
6.423529411764706
7.285714285714286
7.841269841269841
6.8428571428571425
7.645669291338582
7.482014388489208
6.811428571428571
8.038709677419355
7.091891891891892
4.5
8.432
7.695364238410596
7.562874251497006
8.17741935483871
7.0
8.282051282051283
7.516556291390729
7.214723926380368
8.13125
7.8046875
5.400735294117647
7.913043478260869
8.263157894736842
6.776315789473684
6.568181818181818
6.863354037267081
6.682170542635659
5.025316455696203
7.314814814814815
6.538461538461538
6.7125
6.76056338028169
7.460606060606061
6.933333333333334
7.976470588235294
7.446327683615819
7.846153846153846
7.184049079754601
7.554455445544554
7.987421383647798
7.510791366906475
7.888888888888889
7.058333333333334
6.680412371134021
4.521400778210117
7.090551181102362
7.178571428571429
7.838983050847458
7.14622641509434
7.423841059602649
7.6838235294117645
7.972027972027972
4.628415300546448
4.704301075268817
8.218978102189782
4.1421052631578945
7.322222222222222
6.698492462311558
8.482456140350877
5.229390681003585
7.146198830409356
7.460431654676259
8.285714285714286
7.269938650306749
7.341935483870968
7.387096774193548
7.235955056179775
7.4
6.507042253521127
7.71578947368421
6.251231527093596
6.611111111111111
7.9765625
8.358695652173912
7.743119266055046
7.328859060402684
6.207865168539326
4.4916201117318435
7.751219512195122
6.714285714285714
5.092369477911647
8.045226130653266
7.971153846153846
7.45398773006135
7.931818181818182
8.013605442176871
7.340425531914893
6.8076923076923075
7.061946902654867
7.18716577540107
7.154205607476635
6.779761904761905
5.019607843137255
8.42142857142857
7.144508670520231
6.471264367816092
7.464912280701754
7.676470588235294
7.3203125
7.247863247863248
7.702898550724638
7.8
6.8046875
3.7636363636363637
6.666666666666667
7.218487394957983
7.547058823529412
7.028985507246377
6.7254901960784315
7.0476190476190474
7.298429319371728
7.318840579710145
6.654411764705882
5.3405172413793105
7.161904761904762
7.490196078431373
7.978494623655914
8.638095238095238
7.368794326241135
7.8
7.495726495726496
4.8352941176470585
7.590909090909091
7.516129032258065
7.478632478632479
8.16
7.446808510638298
8.389473684210527
6.820359281437126
6.096774193548387
8.401709401709402
6.763513513513513
6.716312056737588
6.9817073170731705
8.166666666666666
7.5233644859813085
7.238938053097345
8.027586206896551
6.3963133640553
7.345029239766082
7.757352941176471
7.5418994413407825
8.618181818181819
6.554216867469879
6.731481481481482
6.527472527472527
8.72
4.345549738219895
8.118181818181819
7.352564102564102
7.769230769230769
7.594594594594595
7.266666666666667
7.287128712871287
7.295857988165681
6.771241830065359
6.724324324324324
7.363636363636363
8.623376623376624
8.12987012987013
7.0638297872340425
6.705202312138728
7.938931297709924
7.465753424657534
7.247524752475248
7.149171270718232
7.230088495575221
9.0
8.072164948453608
7.0790960451977405
8.10344827586207
8.75
7.105263157894737
4.63135593220339
7.612068965517241
6.253623188405797
7.282608695652174
6.957746478873239
7.880597014925373
6.977142857142857
8.008547008547009
7.4825174825174825
7.386075949367089
4.309178743961352
7.04375
7.328767123287672
7.426470588235294
7.6531791907514455
8.19277108433735
7.45578231292517
8.348314606741573
6.632530120481928
7.214285714285714
3.9625
4.520833333333333
7.012711864406779
8.341463414634147
4.456521739130435
4.073891625615763
6.899441340782123
8.008
7.0
6.734375
7.3426573426573425
7.396825396825397
4.7936507936507935
3.8922155688622753
7.484848484848484
7.3076923076923075
7.582191780821918
3.296551724137931
7.2
7.162650602409639
7.345454545454546
6.482758620689655
8.15702479338843
7.914285714285715
8.217391304347826
7.826388888888889
3.7467532467532467
6.947826086956522
7.349056603773585
6.7926829268292686
7.172185430463577
7.372670807453416
7.7407407407407405
4.631578947368421
8.467289719626168
7.4
7.365853658536586
8.544554455445544
7.368852459016393
7.729166666666667
6.8062015503875966
7.784172661870503
8.380434782608695
7.05511811023622
8.12
7.73202614379085
8.026315789473685
7.161676646706587
7.148351648351649
7.72289156626506
7.478260869565218
7.296137339055794
6.945736434108527
8.292307692307693
7.716312056737588
8.31578947368421
7.118012422360248
7.4944444444444445
7.88135593220339
7.6689655172413795
7.105527638190955
8.088235294117647
6.786666666666667
6.711864406779661
7.726190476190476
7.466666666666667
7.458333333333333
6.885714285714286
6.954545454545454
7.367875647668394
9.072289156626505
7.571428571428571
8.20388349514563
8.018518518518519
8.066666666666666
7.938931297709924
8.117647058823529
6.848920863309353
6.868421052631579
7.6419753086419755
7.277777777777778
6.917391304347826
6.703389830508475
7.294871794871795
8.0625
6.1875
7.7105263157894735
7.7
4.836283185840708
7.242424242424242
7.1477272727272725
7.264367816091954
6.841379310344828
6.91743119266055
6.344827586206897
6.295454545454546
7.488888888888889
7.179856115107913
6.992647058823529
6.798534798534798
6.225806451612903
7.734939759036145
7.1063829787234045
8.283018867924529
7.661417322834645
4.705263157894737
7.262626262626263
7.103703703703704
6.419512195121952
8.41875
7.5396825396825395
6.96
6.673469387755102
7.661870503597123
8.972602739726028
7.318918918918919
7.163461538461538
7.445945945945946
4.109489051094891
6.513888888888889
7.2392638036809815
8.584158415841584
6.9495412844036695
7.56
7.9
8.654320987654321
8.854166666666666
7.279569892473118
7.896551724137931
7.671875
8.486842105263158
7.40952380952381
8.356521739130434
8.338028169014084
4.516129032258065
7.5473684210526315
7.444444444444445
6.586466165413534
7.204678362573099
7.689320388349515
7.988235294117647
7.596153846153846
6.72463768115942
8.347826086956522
7.4
4.374485596707819
7.098591549295775
8.197916666666666
8.425925925925926
7.3893129770992365
7.7926829268292686
8.306930693069306
7.131782945736434
7.83
4.408163265306122
7.696629213483146
7.136363636363637
6.585987261146497
6.319018404907975
8.476190476190476
7.595041322314049
6.9352517985611515
4.974619289340102
4.9575471698113205
9.033333333333333
6.163636363636364
7.377049180327869
8.575342465753424
7.285714285714286
8.680851063829786
7.685185185185185
6.487394957983193
7.819444444444445
7.934426229508197
7.189944134078212
7.8359375
7.321917808219178
6.780701754385965
7.833333333333333
7.512658227848101
7.6
8.472
6.660714285714286
7.6573426573426575
5.8882352941176475
8.036363636363637
7.127118644067797
6.619883040935672
7.30188679245283
6.945454545454545
4.256830601092896
8.25
7.1171875
4.2594594594594595
8.18840579710145
7.568181818181818
7.185897435897436
8.417582417582418
6.880341880341881
7.61875
7.321428571428571
8.96551724137931
8.228571428571428
3.8238636363636362
7.9523809523809526
6.533834586466165
4.257309941520468
7.387596899224806
7.028169014084507
4.5863874345549736
7.533333333333333
7.432
3.6774193548387095
7.052631578947368
7.042553191489362
6.575418994413408
8.418032786885245
8.206666666666667
7.5
7.555555555555555
7.158333333333333
7.069620253164557
4.995762711864407
6.574257425742574
6.692982456140351
6.801652892561983
7.633136094674557
8.626865671641792
6.318435754189944
8.170731707317072
8.293333333333333
6.642570281124498
7.8
8.777777777777779
7.2784810126582276
4.199029126213592
7.416666666666667
7.4
7.404761904761905
8.81159420289855
6.863247863247863
6.8901098901098905
8.062937062937063
3.7971014492753623
7.557377049180328
7.084745762711864
8.877777777777778
7.409395973154362
6.641379310344828
8.22689075630252
7.348837209302325
8.734177215189874
3.515151515151515
6.179245283018868
7.457831325301205
7.583892617449664
7.055555555555555
6.837209302325581
8.08
7.650602409638554
7.254237288135593
7.287581699346405
6.87719298245614
7.60126582278481
5.7875
8.02803738317757
6.675
7.023809523809524
7.464285714285714
8.441176470588236
7.507462686567164
6.521367521367521
8.178947368421053
7.135135135135135
8.075757575757576
7.271739130434782
7.176470588235294
7.575
6.34020618556701
7.977011494252873
4.236180904522613
7.014925373134329
7.418181818181818
4.179190751445087
7.2444444444444445
7.65625
4.0
6.825688073394495
8.688524590163935
6.752212389380531
3.825
8.160377358490566
7.067873303167421
7.791666666666667
7.621428571428571
8.911111111111111
7.5966386554621845
4.069767441860465
8.666666666666666
6.67741935483871
7.208
8.478260869565217
8.387096774193548
9.353658536585366
8.808823529411764
8.158536585365853
8.242990654205608
6.558282208588957
7.3478260869565215
7.105263157894737
8.955223880597014
7.176470588235294
7.7317073170731705
6.536082474226804
6.315068493150685
6.540106951871658
9.392857142857142
3.953846153846154
7.6692307692307695
6.6645962732919255
8.382978723404255
7.046153846153846
6.305343511450381
8.299065420560748
7.435897435897436
8.745098039215685
6.9298245614035086
7.918367346938775
7.395061728395062
7.239583333333333
6.666666666666667
8.833333333333334
6.338582677165355
7.851063829787234
7.544554455445544
6.7025316455696204
7.005813953488372
7.525714285714286
7.5064935064935066
7.443609022556391
7.282258064516129
6.674846625766871
7.345588235294118
6.793296089385475
8.793650793650794
7.802631578947368
7.6909090909090905
6.745098039215686
6.62962962962963
4.764976958525345
6.5
8.451612903225806
7.052631578947368
6.716312056737588
4.793427230046948
9.191011235955056
6.603305785123967
7.734375
7.351145038167939
2.945
3.508
2.828
1.0
2.568
4.0073375262054505
2.946
3.578727841501564
1.0
2.573
2.776
3.187
2.871
2.777
3.1372745490981964
3.920418848167539
2.878
3.526
3.498
3.499
3.891891891891892
3.386868686868687
3.2804020100502513
3.6276276276276276
3.885
3.1584754262788364
3.6266266266266265
3.858
4.136456211812627
3.541
4.107574094401756
3.9388379204892967
3.258
3.951
3.6496496496496498
3.9788306451612905
3.668
3.4755970924195223
4.145491803278689
3.502314814814815
3.5755755755755754
3.532
4.0384204909284955
4.136409227683049
3.214
3.4707692307692306
4.0854430379746836
3.846320346320346
3.905
3.717
3.7745490981963927
3.243
3.4548192771084336
4.154233870967742
3.1431431431431434
4.698249227600412
4.137651821862348
4.27079107505071
3.721
3.790769230769231
4.148526077097506
3.4239350912778903
3.389623601220753
4.486458333333333
3.894578313253012
2.736
4.615298087739033
3.8495486459378134
3.805668016194332
4.405579399141631
4.346652267818574
4.14639175257732
4.026709401709402
3.111111111111111
3.565
4.097916666666666
4.136131013306039
3.637149028077754
4.173416407061267
3.3581296493092454
4.325773195876288
3.449
4.16614420062696
4.637019230769231
4.163163163163163
3.656378600823045
4.187433439829606
3.4457083764219236
4.413066385669126
3.896
4.365424430641822
4.409751037344399
3.498467824310521
3.509627727856226
3.6408668730650153
4.21304347826087
3.7725450901803605
3.3033033033033035
3.916414904330312
3.9889447236180904
3.409036860879905
4.201251303441085
4.312690355329949
4.361601884570082
4.343687374749499
3.6629955947136565
3.828252032520325
3.4508196721311477
3.6255020080321283
3.396766169154229
4.43953488372093
4.526254375729288
3.9343434343434343
4.214973262032085
3.224864864864865
3.4219088937093276
3.904233870967742
3.325910931174089
3.947
3.7981171548117154
4.19551282051282
3.3767967145790556
4.0564681724846
3.7168610816542946
4.148785425101215
3.7371663244353184
4.339021615472127
4.12041884816754
3.0549943883277217
4.182643794147326
4.612640163098878
4.216216216216216
3.344432882414152
4.69882100750268
4.68733850129199
4.382035928143712
3.622039134912461
3.878
4.238836967808931
4.033033033033033
4.088357588357589
4.218848167539267
4.295267489711934
4.210355987055016
4.149344096871847
4.334728033472803
3.637295081967213
4.214205186020293
4.139201637666326
4.113289760348584
4.032768361581921
4.414529914529915
4.26984126984127
4.275686673448627
4.161856963613551
4.236472945891784
3.971875
3.7466367713004485
3.960292580982236
4.2126745435016115
4.550161812297735
4.200431034482759
3.486398258977149
4.547699214365881
4.246346555323591
4.269495412844036
4.100635593220339
4.505910165484633
4.295991778006167
4.201492537313433
4.584530386740331
4.459830866807611
3.6946039035591274
4.656427758816838
4.642506142506143
4.621964097148891
3.8910463861920173
4.316414686825054
3.9827586206896552
4.4600760456273765
3.860786397449522
4.583333333333333
4.687715269804822
4.39607390300231
4.308467741935484
4.127032520325203
4.794223826714801
4.718640093786635
4.5356762513312034
4.169554455445544
4.145855194123819
4.823927765237021
4.662971175166297
4.476828012358394
3.6220735785953178
3.9355828220858897
4.437367303609342
4.137001078748652
4.876470588235295
3.921116504854369
4.102941176470588
4.448938321536906
4.33125
4.339305711086226
3.8849372384937237
4.569280343716434
4.166666666666667
4.261139896373057
4.220507166482911
3.4107551487414187
3.4483133841131663
4.256287425149701
3.991963260619977
3.522968197879859
4.498122653316646
4.719298245614035
4.237785016286645
4.245762711864407
4.830601092896175
4.599508599508599
4.348302300109529
4.806936416184971
4.8508557457212715
3.601176470588235
4.050537634408602
4.20066889632107
4.11542730299667
4.296340023612751
4.621527777777778
4.2471204188481675
4.205327413984461
3.3011889035667106
3.4267241379310347
4.633651551312649
4.604554865424431
4.320715036803365
4.238193018480493
3.8116254036598494
4.167981961668546
4.705114254624592
4.5190677966101696
4.4979035639413
4.993333333333333
4.63337250293772
3.869120654396728
4.796255506607929
4.493333333333333
4.142222222222222
4.150857142857143
4.613612565445026
4.931362196409715
4.2517006802721085
4.41545352743561
3.7544529262086512
4.8646112600536195
4.7373493975903616
4.931818181818182
3.643371017471737
4.507726269315674
4.384525205158265
4.368033648790747
4.681628392484343
4.358258928571429
4.28476084538376
3.399197592778335
3.7184923439340403
4.279258400926999
4.5473411154345005
4.285714285714286
4.4908675799086755
4.623296158612144
4.621259029927761
4.137316561844863
4.222591362126246
4.430174563591023
4.420353982300885
4.624390243902439
4.216010165184244
3.5641025641025643
4.130120481927711
4.581447963800905
4.2936117936117935
4.374002280501711
4.5012406947890815
4.288268156424581
4.267622461170848
4.168108776266997
3.744599745870394
3.9390243902439024
5.0729411764705885
4.811936936936937
3.973902728351127
4.461619348054679
3.367195767195767
4.635857461024499
4.229064039408867
4.581039755351682
4.7540792540792545
4.549732620320856
4.671312427409989
3.690781796966161
4.227710843373494
3.651015228426396
4.5444162436548226
3.7698744769874475
4.072644721906924
4.665591397849463
4.216152019002375
3.5381727158948686
4.4136460554371
5.030226700251889
4.751101321585903
4.373151308304892
4.58590308370044
4.198984771573604
4.516332982086407
4.680539932508436
5.023201856148492
4.681502086230876
4.6924939467312345
4.034368070953437
5.071702944942381
4.408988764044944
3.5311438278595695
4.24618514750763
4.527357392316647
4.5432525951557095
4.1422172452407615
4.786666666666667
4.1961823966065745
4.299014238773275
4.202600216684724
4.468716861081655
4.822544642857143
4.650485436893204
4.389400921658986
4.315665488810365
3.9912390488110137
4.946178686759957
4.7216374269005845
3.768355739400207
4.867379679144385
4.728129205921938
4.284503631961259
4.4
3.7524644030668126
4.419738406658739
3.7993348115299335
4.797047970479705
4.520224719101123
4.706832298136646
4.604060913705584
4.478609625668449
4.505995203836931
3.6022857142857143
4.900530503978779
4.959156785243742
4.593240093240094
5.155889145496536
4.473423980222497
3.5264937993235628
4.8751608751608755
4.800707547169812
4.693593314763231
4.438131313131313
4.445420326223338
4.50560398505604
5.437412095639944
4.590967741935484
4.700435729847494
4.5868814729574225
4.253772290809328
4.627530364372469
4.594470046082949
4.819759679572764
3.6841477949940407
5.111494252873563
3.878754171301446
4.996535796766744
4.910915934755333
4.800679501698754
4.210093896713615
5.067415730337078
4.488095238095238
3.669309173272933
3.5761226725082147
4.312335958005249
4.188654353562005
4.422641509433962
4.344307270233196
4.301991150442478
4.345479082321187
4.520979020979021
3.814732142857143
4.381366459627329
3.2539473684210525
4.382899628252788
4.516752577319588
3.680376028202115
4.214965986394557
4.714953271028038
5.051746442432083
3.7804878048780486
4.29010989010989
4.634090909090909
4.501131221719457
3.6902439024390246
4.852348993288591
4.206437291897891
4.964932126696833
4.331701346389229
5.033967391304348
5.064971751412429
3.515923566878981
4.76685393258427
4.653975363941769
4.3601440576230495
5.056953642384106
3.4552332912988653
4.512787723785166
4.765476190476191
5.00268456375839
3.9212690951821387
4.668591224018476
4.526377491207503
4.747300215982722
4.668208092485549
4.801498127340824
4.384615384615385
4.849875930521092
4.886624203821656
3.711949685534591
3.4438964241676944
4.518238993710692
5.019021739130435
4.8613333333333335
4.444444444444445
4.2126582278481015
4.609411764705882
4.124365482233503
4.653039832285115
4.414988814317673
4.752795031055901
3.3464285714285715
4.313669064748201
5.033653846153846
4.8613333333333335
4.577836411609499
4.303813038130381
4.635491606714628
4.918918918918919
4.19706498951782
4.993421052631579
4.664835164835165
4.403314917127072
4.771111111111111
4.3813775510204085
3.4497354497354498
5.105263157894737
4.284563758389262
4.556550951847704
4.976454293628809
4.41602634467618
5.055181695827725
4.5302843016069225
4.655540720961282
4.7550158394931366
4.866050808314088
3.6775320139697323
4.9
4.92219387755102
4.422425032594524
4.5413642960812775
4.557109557109557
4.397774687065368
3.697881828316611
4.521164021164021
4.423913043478261
4.362139917695473
4.31328320802005
4.640476190476191
4.354292623941959
4.84181568088033
4.516930022573363
4.886956521739131
4.466130884041331
4.927367055771725
4.844047619047619
4.492081447963801
4.800259403372244
4.823604060913706
4.2633371169125995
3.3344947735191637
4.353131749460043
4.549277266754271
4.86908077994429
4.256410256410256
4.469553450608931
4.557867360208062
5.046511627906977
3.413919413919414
4.006172839506172
4.797968397291196
3.7095541401273886
4.346698113207547
4.090040927694407
4.930285714285715
3.521997621878716
4.3453865336658355
4.4784876140808345
4.9106280193236715
4.923603192702394
4.33849821215733
4.620218579234972
4.711590296495957
4.997641509433962
4.517721518987342
4.766621438263229
3.9197860962566846
3.8654088050314463
4.672086720867209
5.263087248322147
4.840848806366048
4.461442786069652
4.162303664921466
3.678474114441417
4.725534308211474
4.267538644470868
3.4334511189634864
4.879545454545455
5.255542590431738
4.703788748564868
4.834231805929919
4.33659217877095
4.5150421179302045
4.457374830852503
4.604551920341394
4.592680047225501
4.4437229437229435
4.313793103448276
3.684010152284264
4.972813238770685
4.6055363321799305
4.458563535911602
4.755959137343927
4.835714285714285
4.6763848396501455
4.634816753926701
5.027203482045702
4.475030450669915
4.758256274768824
3.666245259165613
4.129679144385027
4.681045751633987
4.5201037613488975
4.95679012345679
4.438995215311005
4.523148148148148
4.241283124128312
4.924137931034482
4.318681318681318
3.5614489003880982
4.69893899204244
4.809045226130653
5.06355382619974
5.0503685503685505
4.569060773480663
5.017902813299233
4.548064918851436
3.467654986522911
4.597035040431267
4.772215269086358
4.803523035230352
5.216783216783217
5.1378002528445
5.176774193548387
4.125443786982249
4.241565452091768
4.903794037940379
4.287917737789203
4.217712177121771
4.477979274611399
5.118990384615385
4.84375
4.420373027259684
4.812760055478502
4.128787878787879
4.449423815620999
5.046643913538111
4.070941336971351
4.998597475455821
4.502080443828016
4.597911227154047
4.165596919127086
5.375354107648725
3.624178712220762
5.0846867749419955
4.423611111111111
4.828282828282828
5.178571428571429
4.614606741573033
4.600484261501211
4.146124523506988
4.7032967032967035
4.096774193548387
4.848032564450475
5.221628838451268
5.1689750692520775
4.373184357541899
4.178117048346056
4.8199181446111865
4.803945745992602
4.938692098092643
4.525691699604743
4.752958579881657
5.41424802110818
5.35632183908046
4.163215590742996
5.010899182561308
5.152777777777778
4.522900763358779
3.52752880921895
4.744155844155844
4.309523809523809
4.692509855453351
4.5087248322147655
4.926592797783933
4.279040404040404
4.7510148849797025
4.683602771362587
4.679723502304148
3.3559782608695654
4.483412322274882
4.933734939759036
5.075418994413408
4.889908256880734
4.991044776119403
4.710622710622711
5.142857142857143
4.420654911838791
4.638297872340425
3.94125159642401
3.5900783289817233
4.21784472769409
4.727705112960761
3.5917602996254683
3.401114206128134
4.380264741275572
4.838627700127065
4.2695763799743265
3.9986301369863013
4.417462482946794
4.458108108108108
3.4385150812064964
3.977175463623395
4.677943166441136
4.644846796657381
4.918392204628502
3.6597222222222223
4.870292887029288
4.670792079207921
4.5508474576271185
4.091032608695652
4.880171184022824
5.0880195599022
5.304287690179806
4.889920424403183
3.9604519774011298
4.531944444444444
4.740689655172414
4.303149606299213
4.621518987341772
4.466216216216216
5.225806451612903
3.2526737967914436
5.1286764705882355
4.800865800865801
4.685286103542234
5.045454545454546
4.556657223796034
4.982905982905983
4.611940298507463
4.793923381770146
4.9971791255289135
4.672853828306264
5.113286713286714
4.869806094182826
4.5184174624829465
4.963768115942029
4.274768824306473
4.740076824583867
4.742894056847545
4.333746898263027
4.539253539253539
5.045766590389016
4.651761517615176
4.990012484394507
4.390604026845637
4.459016393442623
5.152482269503546
4.837182448036952
4.371007371007371
5.1499292786421496
4.686588921282799
4.798090040927694
4.962815405046481
4.707557502738226
4.754847645429363
3.94515306122449
4.528639618138425
4.392815758980301
5.386066763425254
4.502544529262087
4.94014598540146
5.010804321728691
5.013819095477387
4.848167539267016
4.656962025316456
4.538677918424754
4.87940379403794
5.185089974293059
4.971223021582734
4.323529411764706
3.984806629834254
4.811855670103093
4.99236641221374
4.0475578406169666
4.640054127198917
5.080229226361031
3.356164383561644
4.37094682230869
4.260306242638398
4.727371864776445
4.502680965147453
4.7740585774058575
4.218085106382978
4.084432717678101
4.633986928104576
4.30812324929972
4.653623188405797
3.9157232704402514
4.301104972375691
4.790633608815427
4.422053231939164
5.237593984962406
4.809831824062096
3.328476821192053
4.730769230769231
4.42816091954023
3.9069148936170213
5.088560885608856
4.604166666666667
4.315049226441632
4.524271844660194
4.526748971193416
5.254820936639119
4.554878048780488
4.927891156462585
4.870967741935484
3.726507713884993
4.448019801980198
4.462912087912088
5.142857142857143
4.327930174563591
4.625724217844728
4.993045897079277
5.222060957910014
5.2347600518806745
4.880952380952381
4.869565217391305
5.125925925925926
5.228187919463087
4.816326530612245
4.889171974522293
5.345895020188426
3.852901484480432
4.94124847001224
4.740841248303935
4.473251028806584
4.641025641025641
4.945767195767195
5.108695652173913
5.032059186189889
4.66986301369863
5.088732394366197
4.330150068212824
3.2047026279391426
4.448717948717949
4.945260347129506
4.978231292517007
4.872448979591836
4.756425948592411
4.983481575603558
4.421832884097035
4.972661870503597
3.8310559006211182
4.919896640826873
4.4520547945205475
4.256480218281037
4.036290322580645
5.0654596100278555
4.905710491367862
4.525252525252525
3.7137042062415198
3.4758800521512385
5.240717029449423
3.9466145833333335
4.472701149425287
5.388739946380697
4.171730515191546
5.322625698324022
5.056463595839524
4.752840909090909
5.2079772079772075
5.234836702954899
4.719225449515906
4.629719853836784
4.84952120383037
4.4847222222222225
4.615284974093265
4.446475195822455
4.685082872928176
4.985594237695078
4.423512747875354
4.637243047158404
4.123796423658872
5.410689170182841
4.787356321839081
4.271573604060913
4.741267787839586
4.1923076923076925
3.442204301075269
5.356204379562044
4.612551159618008
3.356951871657754
5.120665742024966
4.785318559556787
4.7740189445196215
5.251788268955651
4.6997319034852545
4.530166880616175
4.58777633289987
5.555555555555555
5.0703517587939695
3.508241758241758
4.730263157894737
4.058414464534075
3.5989304812834226
4.881129271916791
4.6700143472022955
3.705563093622795
5.344238975817923
4.782496782496782
3.60082304526749
4.394566623544631
4.868085106382979
4.290368271954674
4.851511169513798
4.903448275862069
4.926315789473684
4.957567185289958
4.562584118438762
4.2621483375959075
3.152173913043478
4.10455764075067
4.65814266487214
4.702154626108999
4.464508094645081
5.340336134453781
4.1508916323731135
5.521229868228404
5.283823529411765
3.8972691807542263
5.115942028985507
5.468027210884354
4.133689839572193
3.556149732620321
4.536211699164346
5.184313725490196
4.99468791500664
5.148040638606676
5.129032258064516
4.75376196990424
4.923280423280423
3.692762186115214
4.604488078541374
4.524966261808367
5.18523153942428
4.575289575289576
4.193298969072165
5.0491132332878585
4.615487316421896
5.264748201438849
3.7735849056603774
3.8497970230040597
5.175392670157068
4.71227621483376
4.836111111111111
4.514285714285714
4.743519781718963
4.694708276797829
4.719148936170213
4.578167115902965
4.465909090909091
4.426470588235294
4.540263543191801
4.807142857142857
4.165266106442577
4.2742155525238745
5.0488888888888885
5.541795665634675
5.111111111111111
4.4905405405405405
4.770777479892762
4.444915254237288
5.346320346320346
4.7904109589041095
4.623448275862069
4.719613259668508
3.863013698630137
5.113924050632911
3.480378890392422
4.379113018597997
5.021994134897361
3.7916666666666665
4.414908579465542
4.29271523178808
3.6708160442600275
4.629577464788732
5.329359165424739
4.343096234309623
3.4483240223463687
5.05427408412483
3.9781771501925545
5.264525993883792
4.780626780626781
5.59136690647482
4.596514745308311
3.8331015299026427
5.394244604316547
4.475683890577508
4.785407725321888
4.895522388059701
5.450437317784257
5.384615384615385
5.272229822161423
5.021398002853067
4.88135593220339
4.443502824858757
4.597202797202797
4.449061662198392
5.350069735006974
4.561073825503356
4.934876989869754
4.503770739064857
4.238292011019284
4.119143239625167
5.50520059435364
3.335127860026918
4.809929078014185
4.232558139534884
4.705963938973648
4.968515742128935
4.239255014326647
4.894514767932489
4.8268398268398265
5.025110782865584
4.5698630136986305
5.265878877400295
4.974285714285714
4.641242937853107
4.324167872648336
5.311874105865522
4.46262341325811
5.040595399188092
4.814550641940086
4.264586160108548
4.1001430615164525
4.626506024096385
4.7831978319783195
4.573466476462197
4.558139534883721
4.057951482479784
4.855113636363637
4.264255910987482
5.499248120300752
5.233618233618234
4.878151260504202
4.1133069828722
4.068601583113456
3.4966622162883847
4.395043731778426
5.328125
4.687315634218289
4.486301369863014
3.476127320954907
5.164658634538153
4.71875
5.166666666666667
4.750342935528121
2.518
3.125
2.51
1.0
2.244
3.3703703703703702
2.512
2.809619238476954
1.0
2.267
2.485
2.64
2.531
2.255
2.556
3.286
2.524
3.134
3.086
3.071
3.318
2.693
2.533
3.113
3.347
2.541
3.178
3.298
3.46
3.119
3.3921765295887663
3.332
3.017
3.434
3.159
3.336
3.151
2.743
3.425
2.823529411764706
3.109
3.101
3.3319959879638916
3.575
2.605
2.6496496496496498
3.337011033099298
2.985985985985986
3.35
3.245
3.213
2.632
2.709
3.475
2.535
4.094
3.417
3.569
3.157
3.177
3.61010101010101
2.613
2.674
3.7905811623246493
3.203
2.305
4.113682092555332
3.275
3.274
3.6402805611222444
3.607035175879397
3.441
3.438
2.531
2.854
3.349349349349349
3.407815631262525
2.888665997993982
3.514
2.6482965931863727
3.564
2.7
3.391
4.1019567456230694
3.553
2.854
3.4744744744744747
2.656
3.6236236236236237
3.373
3.639
3.501
2.656
2.789473684210526
2.804804804804805
3.4511581067472306
3.19
2.636
3.254
3.262
2.755921730175077
3.5661322645290583
3.609
3.6531027466937944
3.779
2.78147029204431
3.184
2.677
3.11
2.729145211122554
3.83030303030303
3.869433198380567
3.348
3.6713426853707416
2.523138832997988
2.740220661985958
3.268
2.614
3.349
2.833
3.395
2.6186186186186187
3.339
2.913913913913914
3.492
2.772
3.6454545454545455
3.3793793793793796
2.426559356136821
3.547
4.066
3.793388429752066
2.5585585585585586
3.8718718718718717
4.153601694915254
3.5944841675178756
2.777
3.277
3.4284284284284285
3.353
3.421
3.4644644644644647
3.447
3.4574574574574575
3.42
3.5235235235235236
2.735
3.5045226130653266
3.345
3.3663663663663663
3.350050150451354
3.8204613841524573
3.441
3.589
3.5462097611630323
3.771
3.254
2.8209255533199196
3.222
3.502008032128514
3.6733668341708543
3.5385385385385386
2.657973921765296
3.784491440080564
3.438
3.505561172901921
3.349349349349349
3.7472306143001006
3.767
3.462097611630322
4.058526740665994
3.7967967967967966
2.877654196157735
4.107178968655207
3.861111111111111
3.87374749498998
3.094188376753507
3.7905811623246493
3.305305305305305
3.6916752312435768
3.2246740220661985
3.8634046890927625
3.9959473150962515
3.587701612903226
3.602
3.311
3.948875255623722
3.8960244648318043
3.661
3.6103626943005183
3.5210420841683367
4.1800804828973845
4.081735620585268
3.707
2.8142570281124497
3.279279279279279
3.6006006006006004
3.361
4.170905391658189
3.3117283950617282
3.3917835671342687
4.017
3.525
3.791919191919192
3.076
3.8927855711422845
3.435845213849287
3.47
3.426559356136821
2.719033232628399
2.6006006006006004
3.6267893660531696
3.3279515640766903
2.7139938712972422
3.7120743034055725
4.152792413066385
3.4046184738955825
3.5805805805805804
3.9768145161290325
3.9745158002038736
3.6328986960882648
3.88821752265861
4.194791666666666
2.814401622718053
3.4644644644644647
3.6088709677419355
3.4465725806451615
3.6391129032258065
3.921243523316062
3.596
3.6022267206477734
2.8121664887940234
2.625754527162978
3.737435897435897
3.853
3.5185185185185186
3.416
2.8977955911823647
3.472782258064516
3.879759519038076
3.646
3.6833667334669338
4.265809217577706
3.6860940695296525
3.208
4.1462925851703405
3.68
3.484359233097881
3.484848484848485
3.865
4.2044088176352705
3.5405679513184585
3.608080808080808
2.9242738589211617
4.2180451127819545
3.981651376146789
4.220100502512563
2.7717717717717716
3.876132930513595
3.6703741152679474
3.76976976976977
4.094094094094094
3.6207243460764587
3.621105527638191
2.602
2.9371196754563895
3.404448938321537
3.8218331616889802
3.520770010131712
3.720766129032258
3.8683127572016462
3.841683366733467
3.386
3.484909456740443
3.865702479338843
3.7236180904522613
4.1263048016701465
3.6384297520661155
2.7013118062563066
3.497967479674797
3.8917004048582995
3.6247443762781186
3.713272543059777
3.870734229576008
3.596367305751766
3.565482233502538
3.5171696149843914
2.8765560165975104
3.111334002006018
4.3757700205338805
4.158793969849246
3.2103658536585367
3.72
2.599799398194584
3.919436052366566
3.510858324715615
3.818
3.9422492401215807
3.8254764292878636
4.1318458417849895
2.871794871794872
3.6605128205128206
2.8295687885010268
3.9213011542497376
2.884
3.1018145161290325
3.82982982982983
3.4674134419551934
2.955532574974147
3.6516516516516515
4.405377456049638
3.9275653923541247
3.5166498486377398
3.8423694779116464
3.38
3.565
3.8661971830985915
4.24437627811861
3.902625820568928
3.8217922606924644
3.181726907630522
4.288865546218488
3.600403632694248
2.790744466800805
3.395
3.806841046277666
3.7591463414634148
3.469939879759519
4.103103103103103
3.3463463463463463
3.497995991983968
3.4294354838709675
3.6332665330661325
4.143579373104146
3.8399592252803263
3.6748216106014273
3.4984709480122325
3.4664602683178534
4.227227227227227
3.9201213346814963
2.7737737737737738
4.132530120481928
3.947481243301179
3.6383838383838385
3.7510204081632654
2.963855421686747
3.5788402848423195
2.8541033434650456
4.0102669404517455
3.875
3.8580375782881
3.674897119341564
3.8129032258064517
3.7593908629441626
2.7841945288753798
4.249197860962567
4.270299145299146
3.7183673469387757
4.18429003021148
3.782518210197711
2.73973973973974
4.262615859938208
3.987792472024415
3.9828141783029003
3.8010309278350514
3.8091762252346193
3.854922279792746
4.635584137191854
3.913684210526316
4.100300902708124
3.8575757575757574
3.766949152542373
4.116129032258065
3.9555555555555557
3.9732047159699895
2.7997967479674797
4.316851664984863
2.8824120603015073
4.241624365482234
4.290853031860226
4.115810674723061
3.4989775051124745
4.393008474576271
3.851586489252815
2.9225352112676055
2.701103309929789
3.578400830737279
3.4489795918367347
3.6862745098039214
3.8097768331562167
3.463927855711423
3.7404661016949152
3.6993927125506074
2.848790322580645
3.6248725790010194
2.7478540772532187
3.593782383419689
3.8643892339544514
2.8316326530612246
3.6556503198294243
3.9290060851926976
4.145379023883697
3.001012145748988
3.599198396793587
3.8198380566801617
3.6435045317220545
2.8709349593495936
3.950515463917526
3.5447236180904524
3.991943605236657
3.634020618556701
4.344385026737968
4.33903743315508
2.8954918032786887
3.9139213602550478
3.6616465863453813
3.8196555217831816
4.100206611570248
2.8264462809917354
3.671502590673575
3.7631307929969102
4.200832466181061
3.0416243654822335
3.917087967644085
3.7648839556004035
3.820281124497992
3.9133937562940586
4.2458677685950414
3.5997973657548124
4.023302938196555
4.218978102189781
2.88517745302714
2.829369183040331
3.8832644628099175
4.305767138193689
4.027168234064786
3.8115942028985508
3.59297520661157
3.9095528455284554
3.535416666666667
3.841683366733467
3.4778225806451615
3.898128898128898
2.7077393075356415
3.6645502645502646
4.078571428571428
3.851380042462845
3.766949152542373
3.5603271983640083
3.8858307849133538
4.06988694758479
3.354354354354354
4.083249749247743
3.8597236981934113
3.658458244111349
3.9647532729103725
3.6896907216494848
2.879014989293362
4.327217125382263
3.6076759061833688
3.8286290322580645
4.2935483870967746
3.7221664994984955
4.425827107790822
3.802672147995889
3.8803418803418803
3.947
3.971774193548387
2.9019211324570273
4.030176899063475
4.262448132780083
3.64778578784758
3.6500541711809316
3.84375
3.7413793103448274
2.836180904522613
3.6677316293929714
3.522935779816514
3.6580645161290324
3.4953560371517027
3.930824008138352
3.7128309572301426
3.9314040728831725
3.7226130653266334
4.231088082901555
3.698284561049445
4.063212435233161
4.167846309403438
3.542713567839196
3.9177939646201874
4.112266112266112
3.480808080808081
2.682139253279516
3.6506024096385543
3.861889927310488
4.283261802575107
3.42
3.744952178533475
3.740083507306889
4.36085626911315
2.678832116788321
3.214430894308943
3.951564076690212
3.0456905503634477
3.65775950668037
3.6040554962646745
4.017137096774194
2.836048879837067
3.667708333333333
3.7234927234927233
4.23559670781893
4.014056224899599
3.6332320162107394
4.161637931034483
3.9197396963123645
4.012096774193548
3.7150153217568946
3.93475935828877
3.3976293103448274
3.2580310880829018
4.127795527156549
4.374609781477628
3.897938144329897
3.8088842975206614
3.451206715634837
2.997860962566845
4.101609657947686
3.649746192893401
2.763506625891947
4.286147623862488
4.390243902439025
3.82085020242915
4.20194384449244
3.693290734824281
3.6435845213849287
3.8232758620689653
3.7486744432661716
3.7484848484848485
3.636
3.443768996960486
2.8740970072239422
4.0623084780388155
3.7303030303030305
3.5452609158679445
3.857429718875502
4.198388721047332
3.9251626898047722
3.9671457905544147
4.248248248248248
3.6933333333333334
3.85952133194589
2.8512820512820514
3.4262990455991518
3.7585139318885448
3.9225206611570247
4.0162932790224035
3.545918367346939
3.8582995951417005
3.6393617021276596
3.9173387096774195
3.4885654885654884
2.9118257261410787
3.853530031612223
4.004136504653568
4.325678496868476
4.237997957099081
3.870488322717622
4.375387797311272
3.682801235839341
2.8969957081545066
3.893776824034335
3.768292682926829
4.135306553911205
4.445628997867804
4.080284552845528
4.3578838174273855
3.443548387096774
3.4811625403659847
4.288336933045357
3.536560247167868
3.3405128205128207
3.671161825726141
4.368367346938776
3.909183673469388
3.6634093376764385
4.245726495726496
3.4157303370786516
3.6975051975051976
4.2960725075528705
3.4641711229946526
4.27457264957265
3.772870662460568
3.5763239875389408
3.604771784232365
4.558189655172414
2.945945945945946
4.342799188640973
3.6198521647307285
4.157840083073728
4.339419978517723
3.6750503018108653
3.8936605316973414
3.417864476386037
3.950050968399592
3.5642933049946866
3.9774436090225564
4.151925078043704
4.33261105092091
3.509528585757272
3.533960292580982
4.0287539936102235
3.983315954118874
4.140237324703344
3.8119022316684377
3.9307774227902024
4.521560574948666
4.444108761329305
3.472916666666667
4.2902881536819635
4.388247639034628
3.8845360824742268
2.8121149897330597
3.8982528263103804
3.6691810344827585
3.9948559670781894
3.880085653104925
4.229787234042553
3.526315789473684
3.923890063424947
3.683098591549296
3.921529175050302
2.706135629709365
3.74847250509165
3.961184882533197
4.002118644067797
4.2911917098445596
4.110752688172043
3.8549540347293156
4.411458333333333
3.7964509394572024
4.025933609958506
3.039054470709147
2.798963730569948
3.6060913705583757
3.891038696537678
2.9124087591240877
2.7243589743589745
3.6104830421377185
4.210580912863071
3.6947916666666667
3.4193548387096775
3.7553418803418803
3.7792068595927115
2.8206686930091185
3.132400430570506
3.9539614561027836
3.9654427645788335
4.21530612244898
2.79957127545552
3.9945593035908598
3.954261954261954
3.9002145922746783
3.504823151125402
4.245670995670996
4.24949083503055
4.464893617021277
4.309421841541756
3.192144373673036
3.6356837606837606
4.034151547491995
3.625400213447172
3.7628865979381443
3.842887473460722
4.335463258785943
2.6698924731182796
4.328236493374108
4.065005417118093
4.129135538954109
4.246875
3.892033542976939
4.3361976369495165
3.7164480322906157
3.9398496240601504
4.313174946004319
3.686868686868687
4.326595744680851
4.256989247311828
3.765273311897106
4.263265306122449
3.610582010582011
4.193146417445483
3.899476439790576
3.767250257466529
3.834375
4.261663286004056
3.9662447257383966
4.203061224489796
3.861111111111111
3.696446700507614
4.308247422680412
4.104040404040404
3.745833333333333
4.431914893617021
3.8186638388123013
4.0
4.081052631578947
3.705705705705706
3.8194444444444446
3.283628779979145
3.7139938712972422
3.638036809815951
4.709129511677283
3.7098765432098766
4.267094017094017
4.064154786150713
4.089795918367347
4.214876033057851
3.8532778355879294
3.878918918918919
3.8349007314524557
4.330543933054393
4.085683297180044
3.7888198757763973
3.4978540772532187
4.017489711934156
4.043832823649337
3.371875
3.9030883919062833
4.207708779443255
2.7830578512396693
3.814775160599572
3.439593908629442
3.951
3.6524064171122994
4.048988285410011
3.6019522776572668
3.482200647249191
3.816945606694561
3.6122448979591835
3.988172043010753
3.3925619834710745
3.4771033013844517
3.972340425531915
3.6604938271604937
4.388589881593111
3.968270214943705
2.766025641025641
3.9755058572949946
3.665948275862069
3.3793466807165435
4.32201646090535
4.00983606557377
3.616974972796518
3.686836518046709
3.694860813704497
4.44076840981857
3.898682877406282
4.158288770053476
3.9692470837751856
3.005291005291005
3.688775510204082
3.7072649572649574
4.401430030643514
3.687435098650052
3.8414141414141416
4.336875664187035
4.4676564156945915
4.484342379958246
3.7542194092827006
4.0894568690095845
4.384446878422782
4.428423236514523
3.955208333333333
4.203722854188211
4.552795031055901
3.1196120689655173
4.086382113821138
3.9657387580299788
3.8843683083511777
3.909278350515464
4.038947368421053
4.33477789815818
4.273190621814475
3.9382321618743346
4.355460385438972
3.6891747052518755
2.7167199148029817
3.7335456475583864
4.248945147679325
4.249227600411946
4.1841302136317395
4.1748178980228925
4.229423868312757
3.675818373812038
4.251875669882101
2.9613821138211383
4.200207468879668
3.6230936819172115
3.645058448459086
3.3922187171398526
4.223052294557097
4.045690550363448
3.6494312306101344
2.8791092258748674
2.88994708994709
4.4387966804979255
3.3036876355748372
3.671291355389541
4.4881075491209925
3.5205913410770857
4.57034632034632
4.241341991341991
4.136659436008677
4.368869936034115
4.294310722100657
4.188235294117647
3.6974619289340103
4.202355460385439
3.7283298097251585
4.011482254697286
3.8459893048128344
3.937033084311633
4.243407707910751
3.7221621621621623
3.705402650356779
3.45580404685836
4.46137339055794
4.027956989247312
3.5751295336787563
3.9875259875259874
3.628356605800215
2.772043010752688
4.709989258861439
3.9394904458598727
2.7768331562167905
4.331196581196581
3.8946236559139784
4.015021459227468
4.5
3.9311440677966103
3.856989247311828
3.9034627492130114
4.633727175080558
4.341513292433538
2.867864693446089
3.9221183800623054
3.387995712754555
2.9741379310344827
4.078059071729958
3.9559613319011815
3.0319829424307034
4.379273504273504
4.18595041322314
2.912262156448203
3.6566844919786097
4.068230277185501
3.61248654467169
4.1995708154506435
4.2781954887218046
4.075078206465068
4.325531914893617
3.8676627534685166
3.534232365145228
2.720212765957447
3.552941176470588
3.769551616266945
3.7014314928425356
3.824451410658307
4.497863247863248
3.5279831045406547
4.611170784103115
4.544962080173348
3.3976670201484622
4.391806722689076
4.724839400428266
3.498931623931624
2.931769722814499
3.8511326860841426
4.457943925233645
4.145211122554068
4.339784946236559
4.396386822529224
3.721362229102167
4.221532091097308
3.1603466955579633
3.8927813163481955
3.6975505857294997
4.510351966873706
3.731404958677686
3.57736240913811
4.345905172413793
3.92620320855615
4.387096774193548
2.977949283351709
3.351086956521739
4.18873826903024
4.01453790238837
3.9358974358974357
3.8647497337593184
4.16991341991342
3.8372844827586206
3.9667381974248928
3.9628865979381445
3.757575757575758
3.8186695278969958
3.674518201284797
4.022435897435898
3.566560170394036
3.649085037674919
4.185387131952018
4.546925566343042
4.324004305705059
3.719656283566058
3.974120082815735
3.8802588996763756
4.480213903743316
3.9449838187702264
3.8734177215189876
3.8819742489270386
3.371794871794872
4.400644468313641
2.7813504823151125
3.614483493077742
4.118534482758621
3.0587606837606836
3.8554347826086954
3.683585313174946
2.9873150105708244
3.7077087794432546
4.4785867237687365
3.6529284164859
2.8812095032397407
4.419181034482759
3.4562697576396206
4.203225806451613
4.032188841201717
4.775731310942579
3.758403361344538
3.113588110403397
4.5063157894736845
3.7173447537473234
4.050053248136315
4.056094929881338
4.61105207226355
4.616042780748663
4.439618644067797
4.264994547437295
4.262990455991517
3.788135593220339
3.850635593220339
3.820675105485232
4.592233009708738
3.834941050375134
4.0431499460625675
3.761033369214209
3.5676251331203406
3.4920127795527156
4.7338965153115105
2.7707212055974164
4.18554476806904
3.559006211180124
3.992505353319058
4.037393162393163
3.565591397849462
4.196351931330472
3.931744312026002
4.428724544480171
3.8792372881355934
4.332624867162593
4.092972972972973
3.693048128342246
3.6162915326902465
4.469631236442516
3.712299465240642
4.249469214437367
3.997856377277599
3.6517094017094016
3.4672395273899035
3.9492063492063494
3.8388829215896885
3.9394904458598727
3.9281886387995715
3.407446808510638
4.274655355249204
3.623003194888179
4.658405172413793
4.465872156013001
4.248660235798499
3.605708245243129
3.4814814814814814
2.896551724137931
3.609677419354839
4.5652642934196335
3.9474248927038627
3.713980789754536
2.7759914255091105
4.3588110403397025
3.9324034334763946
4.477754237288136
3.9028384279475983
2.289
3.004
2.303
1.0
2.099
3.088
2.287
2.342
1.0
2.094
2.292
2.308
2.291
2.102
2.311
3.056
2.284
3.008
3.004
3.002
3.069
2.304
2.299
3.006
3.102
2.292
3.012
3.078
3.126
3.006
3.107
3.065
3.0
3.114
3.013
3.058
3.018
2.366
3.119
2.371
3.004
3.004
3.06
3.246
2.326
2.325
3.074
2.441
3.099
3.025
3.032
2.311
2.389
3.184
2.334
4.002
3.133
3.255
3.013
3.014
3.271
2.283
2.34
3.475
3.02
2.091
4.008
3.044
3.052
3.252
3.237
3.156
3.124
2.3
2.378
3.077
3.099
2.429
3.207
2.329
3.264
2.32
3.099
4.0030060120240485
3.281
2.394
3.131
2.337
3.267
3.099
3.237
3.138
2.327
2.3513513513513513
2.4124124124124124
3.145
3.024
2.328
3.045
3.049
2.373
3.252
3.255
3.2462462462462462
3.491
2.4
3.02
2.34
3.014
2.338677354709419
3.508
3.543
3.069
3.368
2.137
2.349
3.048
2.306
3.069
2.365
3.1
2.316
3.065
2.453
3.171
2.384
3.284284284284284
3.085
2.14
3.286
4.002
3.5090361445783134
2.334
3.516
4.014127144298688
3.26026026026026
2.387
3.048
3.14
3.083
3.145
3.136
3.127
3.132
3.129
3.135
2.326
3.192
3.072
3.077
3.063
3.488
3.148
3.25
3.205
3.513
3.057
2.367
3.032
3.178
3.245
3.168
2.312
3.397
3.136
3.129
3.06
3.361
3.513
3.1354062186559677
4.0
3.504
2.387
4.007
3.4974974974974975
3.459
2.593
3.489
3.041
3.2612612612612613
3.031
3.5245245245245247
3.5465465465465464
3.2672672672672673
3.248
3.066
3.5145145145145147
3.525
3.254
3.2537612838515546
3.182
4.007
4.001
3.38
2.379
3.042
3.243
3.062
4.009009009009009
3.049147442326981
3.058
4.0
3.174
3.505
2.583
3.509
3.109109109109109
3.126
3.102
2.3183183183183185
2.305
3.219
3.0450901803607215
2.3123123123123124
3.276553106212425
4.012121212121212
3.097
3.258
3.5095095095095097
3.5305305305305303
3.259
3.496
4.0280842527582745
2.3363363363363363
3.115
3.25
3.133
3.183
3.5175175175175175
3.273
3.26
2.3501006036217302
2.324324324324324
3.299
3.512
3.167
3.101
2.474
3.125
3.513
3.276
3.353
3.663306451612903
3.281563126252505
3.02
4.005
3.38
3.14
3.16016016016016
3.493
4.009
3.185
3.255
2.4674022066198598
4.016161616161616
3.509
4.007
2.378
3.506
3.2617853560682044
3.493
4.001
3.246
3.273
2.293
2.4423269809428283
3.0920920920920922
3.548
3.1271271271271273
3.351
3.5295887662988967
3.494
3.099
3.124
3.5280561122244487
3.36
4.009027081243731
3.249498997995992
2.3233233233233235
3.126
3.518
3.257
3.2882882882882885
3.5285285285285286
3.187
3.188
3.139
2.4714142427281844
2.569
4.062
4.003
2.6686686686686687
3.368
2.336
3.528
3.176176176176176
3.498
3.523
3.507
4.005
2.4344344344344346
3.2645290581162323
2.3654618473895583
3.5200803212851404
2.433
2.573
3.484
3.142
2.465863453815261
3.254
4.091273821464394
3.521
3.2
3.52
3.098
3.14
3.506
4.0230460921843685
3.5329280648429586
3.302605210420842
2.646
4.041123370110331
3.255
2.348
3.098
3.3893893893893896
3.2582582582582584
3.146
4.005
3.071
3.155
3.075
3.262
4.005005005005005
3.4394394394394396
3.268
3.15
3.1223671013039116
4.019
3.522
2.416
4.005
3.5303030303030303
3.275275275275275
3.379759519038076
2.497
3.181181181181181
2.385
3.5265797392176528
3.5245245245245247
3.445
3.274824473420261
3.515090543259557
3.3963963963963963
2.395
4.037298387096774
4.0332996972754795
3.2432432432432434
3.596
3.5080321285140563
2.361
4.021063189568706
3.5731462925851702
3.532258064516129
3.37374749498998
3.490981963927856
3.5256281407035175
4.2442442442442445
3.4904904904904903
4.002
3.499
3.512588116817724
4.005045408678103
3.526
3.5552178318135765
2.4294294294294296
4.043
2.392
4.017
4.068068068068068
4.003
3.155155155155155
4.0703517587939695
3.5095095095095097
2.445
2.329
3.1825476429287862
3.134479271991911
3.3731193580742227
3.5210843373493974
3.142
3.3255813953488373
3.3473895582329316
2.376
3.196
2.385929648241206
3.221105527638191
3.5085255767301904
2.363
3.274014155712841
3.533
3.6058174523570714
2.4634634634634636
3.272
3.407
3.269269269269269
2.35
3.543
3.197
3.526
3.258776328986961
4.087613293051359
4.038383838383838
2.405811623246493
3.4129554655870447
3.256
3.5155155155155153
3.5827482447342027
2.3673673673673674
3.2715430861723447
3.2775551102204408
4.013013013013013
2.623
3.4954954954954953
3.361
3.365
3.5355355355355353
4.033
3.182
3.557
4.0160481444333
2.4623871614844535
2.4188376753507015
3.514572864321608
4.043522267206478
3.538076152304609
3.494483450351053
3.2044088176352705
3.524
3.1993987975951903
3.522
3.134
3.4929859719438876
2.398
3.288306451612903
3.566
3.3256281407035178
3.280966767371601
3.1783567134268536
3.4954954954954953
3.5301204819277108
3.052
3.556
3.421479229989868
3.2548028311425683
3.51
3.271815446339017
2.4818913480885314
4.052104208416834
3.2696177062374248
3.527
4.057517658930373
3.365
4.07979797979798
3.5095095095095097
3.4389505549949546
3.512
3.517
2.471
3.5797392176529588
4.035035035035035
3.2610441767068274
3.252016129032258
3.531
3.2796780684104627
2.423
3.2777777777777777
3.152
3.2707070707070707
3.129778672032193
3.531
3.242
3.535822401614531
3.266
4.02002002002002
3.274
3.5715715715715715
4.012012012012012
3.213
3.527054108216433
3.590954773869347
3.146
2.346
3.268
3.5045135406218657
4.051619433198381
3.097
3.2956609485368316
3.279559118236473
4.092092092092092
2.3433433433433435
2.593
3.535
2.485
3.2582582582582584
3.2492431886982844
3.521
2.3863863863863863
3.250752256770311
3.371859296482412
4.036144578313253
3.545
3.281
4.0190954773869345
3.519558676028084
3.5425425425425425
3.2572572572572573
3.5272727272727273
3.090634441087613
3.054054054054054
4.007035175879397
4.073146292585171
3.582164328657315
3.5065065065065064
3.1006036217303823
2.63691073219659
4.001
3.262788365095286
2.3633633633633635
4.041
4.07
3.513
4.0230460921843685
3.2706237424547284
3.276
3.5489404641775986
3.242943548387097
3.2832832832832834
3.258
3.1
2.3947895791583167
3.554
3.272
3.157788944723618
3.532
4.006
3.5417925478348438
3.5366098294884654
4.015
3.264
3.3841524573721165
2.3883883883883885
3.1227364185110664
3.287575150300601
3.5421686746987953
3.556
3.12625250501002
3.489
3.2884422110552762
3.513
3.13682092555332
2.4629258517034067
3.5172064777327936
3.5803212851405624
4.048289738430584
4.019
3.51765893037336
4.061183550651956
3.274274274274274
2.481331987891019
3.527327935222672
3.2882882882882885
4.006048387096774
4.091549295774648
3.5565565565565564
4.074074074074074
3.089
3.1295180722891565
4.041206030150754
3.179718875502008
3.055110220440882
3.254
4.056056056056056
3.5080321285140563
3.278391959798995
4.02710843373494
3.101101101101101
3.2828485456369108
4.04004004004004
3.1841046277665996
4.021255060728745
3.37286432160804
3.131131131131131
3.205616850551655
4.131790744466801
2.4954864593781343
4.049
3.211693548387097
4.022044088176353
4.0525783619818
3.266
3.5385385385385386
3.094
3.5555555555555554
3.2678751258811682
3.5192697768762677
3.5981963927855714
3.739656912209889
3.126
3.1885656970912737
3.5256281407035175
3.5140280561122244
3.5885311871227366
3.380281690140845
3.5529767911200807
4.113113113113113
4.067
3.130260521042084
4.041372351160444
4.042042042042042
3.5180360721442887
2.3553553553553552
3.534603811434303
3.2585858585858585
3.5460921843687374
3.535822401614531
4.022155085599194
3.1402805611222444
3.5524193548387095
3.259
3.514
2.338042381432896
3.3583583583583585
3.529
3.5623100303951367
4.053053053053053
3.5327291037260826
3.43687374749499
4.084934277047522
3.5085085085085086
3.5562248995983934
2.4914914914914914
2.388
3.2382382382382384
3.52
2.3957915831663326
2.3360160965794767
3.195195195195195
4.01004016064257
3.2482482482482484
3.115501519756839
3.3585095669687814
3.3842264914054603
2.3513513513513513
2.6471774193548385
3.53125
3.5360406091370558
4.014014014014014
2.3748743718592964
3.5065458207452167
3.541082164328657
3.5242424242424244
3.1921529175050303
4.042553191489362
3.661
4.090817356205853
4.072727272727272
2.6559356136820926
3.271629778672032
3.5382293762575454
3.260343087790111
3.404212637913741
3.5010060362173037
3.7279187817258883
2.346774193548387
4.042
3.5515151515151517
4.007056451612903
4.0292633703329965
3.5329280648429586
4.071572580645161
3.259
3.5590312815338043
4.041372351160444
3.269269269269269
4.05989847715736
4.045317220543807
3.3909547738693466
4.032064128256513
3.2497482376636455
4.039117352056168
3.516
3.496993987975952
3.494483450351053
4.022
3.5445344129554655
3.6316316316316315
3.518668012108981
3.274274274274274
4.034034034034034
4.005
3.3691073219658976
4.089808274470232
3.3078470824949697
3.5407035175879398
3.556
3.275
3.310483870967742
3.046046046046046
3.284284284284284
3.258
4.283838383838384
3.2740963855421685
4.041164658634538
3.5495495495495497
3.55
4.017085427135679
3.496987951807229
3.508577194752775
3.333
4.056281407035176
3.5649546827794563
3.4894472361809044
3.1569416498993963
3.566265060240964
3.516
3.0922768304914743
3.5166835187057632
3.69021190716448
2.381763527054108
3.512639029322548
3.1021021021021022
3.549
3.234517766497462
3.561491935483871
3.212487411883182
3.1737373737373735
3.2865731462925853
3.2738336713995944
3.546922300706357
3.107429718875502
3.1411290322580645
3.5232793522267207
3.2623115577889448
4.075528700906345
3.5430861723446894
2.368844221105528
3.5383838383838384
3.2955465587044532
3.0743718592964826
4.051
3.5396984924623114
3.251004016064257
3.2610441767068274
3.3125
4.103726082578047
3.526
3.650201612903226
3.5386934673366834
2.4557344064386317
3.231
3.2768304914744233
4.076
3.3653653653653652
3.418
4.057517658930373
4.082661290322581
4.135406218655968
3.3036072144288577
3.569556451612903
4.057633973710819
4.075225677031093
3.5251004016064256
4.0160320641282565
4.122244488977956
2.593340060544904
3.539
3.533266129032258
3.5317860746720484
3.502008032128514
3.5261044176706826
4.056508577194752
4.031031031031031
3.5451807228915664
4.058174523570712
3.293051359516616
2.3413897280966767
3.3987915407854983
4.043434343434344
4.034
4.01001001001001
4.024024024024024
4.02
3.2462159434914226
4.031313131313131
2.4569138276553106
4.018054162487462
3.256539235412475
3.2633703329969728
3.09026369168357
3.621840242669363
3.5755755755755754
3.269
2.4261133603238867
2.466867469879518
4.073073073073073
3.045500505561173
3.2678751258811682
4.108324974924774
3.1912955465587043
4.148036253776435
3.6424242424242426
3.663316582914573
4.056338028169014
3.762917933130699
4.039393939393939
3.2382382382382384
4.015197568389058
3.391523713420787
3.519
3.5216515609264856
3.539858728557013
4.028
3.2749244712990935
3.294
3.11356783919598
4.080645161290323
3.6394763343403826
3.1983967935871744
3.541164658634538
3.2462159434914226
2.3955600403632693
4.3703329969727545
3.518668012108981
2.3744979919678717
4.073366834170854
3.5160965794768613
3.5611729019211324
4.152525252525253
3.526262626262626
3.525252525252525
3.5295295295295297
4.229838709677419
4.047
2.4010050251256283
3.5005005005005003
3.086693548387097
2.487411883182276
3.621975806451613
3.5385395537525355
2.667342799188641
4.070422535211268
4.016080402010051
2.4336016096579476
3.2527918781725886
3.571284125379171
3.215725806451613
4.030241935483871
4.042424242424242
3.5130260521042085
4.077309236947791
3.519796954314721
3.1955867602808423
2.37941473259334
3.2130653266331657
3.341046277665996
3.2622622622622623
3.5075075075075075
4.15625
3.1830131445904954
4.206445115810674
4.146612740141557
3.1156941649899395
4.057459677419355
4.25933400605449
3.1907164480322905
2.4529828109201213
3.5251509054325956
4.133133133133133
3.6170854271356783
4.072507552870091
4.119433198380567
3.299497487437186
4.029058116232465
2.6294058408862035
3.526209677419355
3.279515640766902
4.172172172172172
3.385929648241206
3.1833667334669338
4.05427135678392
3.5206445115810676
4.074371859296482
2.493963782696177
3.091549295774648
3.571285140562249
3.5115577889447236
3.5517241379310347
3.520728008088979
4.0212765957446805
3.3616161616161615
3.564824120603015
3.5455455455455454
3.28714859437751
3.5035389282103133
3.229607250755287
3.5619335347432024
3.2160804020100504
3.2414141414141415
3.601609657947686
4.143147208121827
4.055555555555555
3.2806841046277664
3.5684104627766597
3.524672708962739
4.107178968655207
3.524672708962739
3.528700906344411
3.510531594784353
3.0849342770475228
4.066532258064516
2.39737108190091
3.266599597585513
3.573737373737374
2.6177062374245472
3.5055724417426544
3.3909547738693466
2.4728370221327967
3.274193548387097
4.130831643002028
3.275201612903226
2.3839195979899497
4.122736418511066
3.1693548387096775
3.6399197592778334
3.5435222672064777
4.272452068617558
3.347082494969819
2.6455186304128904
4.10261569416499
3.26417004048583
3.6058763931104356
3.5979899497487438
4.165482233502538
4.196157735085945
4.124117053481332
4.031281533804238
4.044310171198389
3.4076690211907166
3.4969818913480886
3.3893360160965793
4.133198789101917
3.504531722054381
3.60262891809909
3.288732394366197
3.215075376884422
3.185483870967742
4.3603238866396765
2.353892821031345
4.015151515151516
3.1825476429287862
3.541876892028254
3.5317220543806647
3.2006048387096775
4.032290615539859
3.548780487804878
4.086868686868687
3.51765893037336
4.033165829145728
3.570131180625631
3.2759315206445114
3.215508559919436
4.121608040201005
3.268686868686869
4.026262626262627
3.5384615384615383
3.2661290322580645
3.173212487411883
3.528700906344411
3.3326633165829147
3.5383838383838384
3.5447236180904524
3.1118951612903225
4.0262891809909
3.2824120603015077
4.197979797979798
4.12639029322548
4.026209677419355
3.2750252780586453
3.1899497487437185
2.4631685166498487
3.13953488372093
4.147029204431017
3.5347432024169185
3.2407221664994985
2.306760847628658
4.050352467270896
3.522704339051463
4.126506024096385
3.5272727272727273
